17713	西式糕点	577693656.3658979	0.0358	26682	0.02193	540024402.5184996	0.93479	24886	0.93269	37669253.84740001	0.06521	1796	0.06731
17729	其它休闲零食	569107515.8404077	0.03527	58784	0.04832	467628786.03060734	0.82169	53849	0.91605	101478729.80980031	0.17831	4935	0.08395
17715	饼干	568782972.253293	0.03525	44935	0.03694	503062642.3162955	0.88445	42862	0.95387	65720329.937000014	0.11555	2073	0.04613
17798	全脂纯牛奶	506286509.91670096	0.03137	7423	0.0061	504169177.51990116	0.99582	7143	0.96228	2117332.396800001	0.00418	280	0.03772
17732	零食大礼包	447729715.02019984	0.02775	13700	0.01126	424436864.4766991	0.94798	12355	0.90182	23292850.543500006	0.05202	1345	0.09818
17714	中式糕点	417597367.9474014	0.02588	55851	0.04591	408285908.0754013	0.9777	52890	0.94698	9311459.871999996	0.0223	2961	0.05302
17693	方便面	380355008.99740225	0.02357	26091	0.02145	366091997.22490215	0.9625	25287	0.96918	14263011.772500008	0.0375	804	0.03082
17720	鸡鸭零食	377328422.9635001	0.02338	19500	0.01603	357677622.7613003	0.94792	18598	0.95374	19650800.202199996	0.05208	902	0.04626
17716	面包	304110714.96210194	0.01885	12252	0.01007	295521424.3236018	0.97176	11660	0.95168	8589290.638500001	0.02824	592	0.04832
17752	枣	291285976.0195001	0.01805	14830	0.01219	277100033.8031992	0.9513	13805	0.93088	14185942.216300016	0.0487	1025	0.06912
17807	其它冲饮	285395382.9557032	0.01769	24987	0.02054	243031172.26040214	0.85156	19488	0.77993	42364210.69530001	0.14844	5499	0.22007
17712	巧克力	275032486.65570074	0.01704	11938	0.00981	262742945.73300096	0.95532	11351	0.95083	12289540.922699999	0.04468	587	0.04917
17809	速溶咖啡	265565815.44750094	0.01646	8809	0.00724	258257999.89050102	0.97248	8226	0.93382	7307815.556999998	0.02752	583	0.06618
17743	坚果礼盒	234888556.75230017	0.01456	4236	0.00348	223494789.93130028	0.95149	3733	0.88126	11393766.821	0.04851	503	0.11874
17722	牛肉类	223465264.3802002	0.01385	14089	0.01158	220185330.83810017	0.98532	13533	0.96054	3279933.5420999997	0.01468	556	0.03946
17744	每日坚果	209102534.80949986	0.01296	4322	0.00355	203683780.78749987	0.97409	4148	0.95974	5418754.021999999	0.02591	174	0.04026
17797	酸奶	206707676.54890114	0.01281	6148	0.00505	190520963.25410077	0.92169	5627	0.91526	16186713.294800008	0.07831	521	0.08474
17805	纯麦片	200560623.00270185	0.01243	11947	0.00982	190044405.6744017	0.94757	11579	0.9692	10516217.328299997	0.05243	368	0.0308
22136	熟普	182294301.17619982	0.0113	12271	0.01009	174789468.9848001	0.95883	11568	0.94271	7504832.191400004	0.04117	703	0.05729
17629	饼干	181405161.55490097	0.01124	17183	0.01413	156306801.29280102	0.86164	16402	0.95455	25098360.262100004	0.13836	781	0.04545
17632	巧克力	178792521.22310007	0.01108	7768	0.00639	172860009.85339996	0.96682	7288	0.93821	5932511.369700002	0.03318	480	0.06179
17718	猪肉类	177495886.07560027	0.011	6400	0.00526	175569501.58850023	0.98915	6064	0.9475	1926384.4870999998	0.01085	336	0.0525
22145	金骏眉	161959076.98310015	0.01004	4550	0.00374	160220253.4241002	0.98926	4288	0.94242	1738823.559	0.01074	262	0.05758
21381	火锅底料	161246879.39749974	0.00999	12062	0.00992	151635218.9026998	0.94039	11670	0.9675	9611660.494799998	0.05961	392	0.0325
17730	豆干制品	152810392.08180052	0.00947	18686	0.01536	149521520.25420037	0.97848	17973	0.96184	3288871.8275999976	0.02152	713	0.03816
17696	方便火锅	147279908.7237	0.00913	6394	0.00526	144472502.32019994	0.98094	6214	0.97185	2807406.4034999995	0.01906	180	0.02815
22344	稻花香米	145390111.7784001	0.00901	3523	0.0029	140604262.84350008	0.96708	3172	0.90037	4785848.9349	0.03292	351	0.09963
17631	糖果	139903968.27110016	0.00867	11093	0.00912	127824545.8159999	0.91366	10131	0.91328	12079422.455100002	0.08634	962	0.08672
18595	其它方便食品	133374283.44259992	0.00827	13539	0.01113	108360860.44989993	0.81246	12155	0.89778	25013422.99270002	0.18754	1384	0.10222
17906	其它传统滋补	132460243.00649956	0.00821	11400	0.00937	107317676.86519976	0.81019	8887	0.77956	25142566.141299978	0.18981	2513	0.22044
17748	瓜子	130420021.34989998	0.00808	9358	0.00769	127570889.22949989	0.97815	8733	0.93321	2849132.1203999994	0.02185	625	0.06679
21383	其他酱料	128843022.39859818	0.00798	31182	0.02563	124653807.60399827	0.96749	30059	0.96399	4189214.7946	0.03251	1123	0.03601
17740	核桃	127134705.60149994	0.00788	4383	0.0036	123842565.8663999	0.97411	4026	0.91855	3292139.7351000006	0.02589	357	0.08145
18600	其它蜜饯果干	125187881.58109969	0.00776	10668	0.00877	121499308.0705998	0.97054	9646	0.9042	3688573.510499999	0.02946	1022	0.0958
18596	其它糖果	124748214.79849973	0.00773	12370	0.01017	83824595.8335998	0.67195	11289	0.91261	40923618.9649	0.32805	1081	0.08739
17695	罐头	124729417.00740023	0.00773	9795	0.00805	107915182.42160015	0.86519	9182	0.93742	16814234.585800003	0.13481	613	0.06258
17692	其它烘焙原料	122383246.59699851	0.00758	18865	0.01551	115075342.16639857	0.94029	18004	0.95436	7307904.430599996	0.05971	861	0.04564
21782	膨化食品	121195493.1974996	0.00751	8195	0.00674	84726923.6805997	0.69909	7670	0.93594	36468569.51690002	0.30091	525	0.06406
17812	奶茶	120435154.65259969	0.00746	9413	0.00774	114906194.06879963	0.95409	8873	0.94263	5528960.583800001	0.04591	540	0.05737
21389	其他调味料	117987687.12169969	0.00731	24339	0.02001	99583157.8693996	0.84401	22634	0.92995	18404529.25230001	0.15599	1705	0.07005
17723	即食海味	111839360.17649996	0.00693	10796	0.00887	105394726.14609991	0.94238	10303	0.95433	6444634.0304000005	0.05762	493	0.04567
22135	生普	109128605.82369997	0.00676	11054	0.00909	102983229.6172999	0.94369	9951	0.90022	6145376.206400005	0.05631	1103	0.09978
21379	榨菜/酱腌菜	104675408.48889975	0.00649	22178	0.01823	99371422.23269977	0.94933	21333	0.9619	5303986.256199995	0.05067	845	0.0381
17628	全脂纯牛奶	100678610.70940003	0.00624	2205	0.00181	100110754.06850004	0.99436	2134	0.9678	567856.6409	0.00564	71	0.0322
22158	其他乌龙茶	94164587.17290011	0.00584	5626	0.00462	90862691.1237001	0.96493	5104	0.90722	3301896.0492	0.03507	522	0.09278
17694	米粉/米线	93608979.30119982	0.0058	10881	0.00894	91258572.56149988	0.97489	10390	0.95488	2350406.7397000003	0.02511	491	0.04512
17738	松子	92936100.67539993	0.00576	1874	0.00154	80791196.1085999	0.86932	1679	0.89594	12144904.566800004	0.13068	195	0.10406
17677	花生油	91187831.66379993	0.00565	1888	0.00155	90756482.61179991	0.99527	1789	0.94756	431349.052	0.00473	99	0.05244
17793	蛋白质饮料	88956277.20340008	0.00551	2696	0.00222	72372939.74109997	0.81358	2508	0.93027	16583337.462300003	0.18642	188	0.06973
17655	方便面/粉	87368324.27719983	0.00541	7587	0.00624	86251836.36109987	0.98722	7311	0.96362	1116487.9161	0.01278	276	0.03638
22265	速溶咖啡	86190650.27319989	0.00534	6023	0.00495	83895843.9499999	0.97338	5807	0.96414	2294806.3232	0.02662	216	0.03586
17674	挂面	80024513.31059979	0.00496	9392	0.00772	77689234.58969977	0.97082	8891	0.94666	2335278.720900001	0.02918	501	0.05334
18601	其它乳品/制品	78741446.05269995	0.00488	1892	0.00156	77938734.42059994	0.98981	1764	0.93235	802711.6320999998	0.01019	128	0.06765
21373	酱油	76389759.16809966	0.00473	6869	0.00565	72884445.33959965	0.95411	6375	0.92808	3505313.828500002	0.04589	494	0.07192
17735	夏威夷果	75571945.3086999	0.00468	1637	0.00135	75301374.9690999	0.99642	1559	0.95235	270570.33959999995	0.00358	78	0.04765
17731	果冻/布丁	74715035.18999968	0.00463	5465	0.00449	71150753.53189977	0.95229	4947	0.90522	3564281.658099999	0.04771	518	0.09478
17734	奶酪	74642501.27949995	0.00463	3100	0.00255	73505233.53659995	0.98476	2967	0.9571	1137267.7429	0.01524	133	0.0429
17737	腰果	72901278.39570002	0.00452	2223	0.00183	70741926.68659998	0.97038	2126	0.95637	2159351.7091	0.02962	97	0.04363
17727	鸡鸭熟食	71260956.72479987	0.00442	3939	0.00324	68313945.31759991	0.95864	3645	0.92536	2947011.4071999993	0.04136	294	0.07464
17789	果蔬汁/饮料	70842491.39599976	0.00439	9278	0.00763	64662709.276399806	0.91277	8409	0.90634	6179782.1196000045	0.08723	869	0.09366
17697	方便米饭	68144438.61289993	0.00422	4561	0.00375	65468676.93129988	0.96073	4304	0.94365	2675761.681600001	0.03927	257	0.05635
17679	调和油	65141446.71369991	0.00404	2207	0.00181	64890215.405099906	0.99614	2146	0.97236	251231.3086	0.00386	61	0.02764
22144	其他绿茶	64035406.49639996	0.00397	7557	0.00621	55660675.17659993	0.86922	6475	0.85682	8374731.319800002	0.13078	1082	0.14318
22146	正山小种	63971211.79609997	0.00396	3432	0.00282	63112663.922999986	0.98658	3168	0.92308	858547.8731000002	0.01342	264	0.07692
17634	膨化食品	63424826.33549984	0.00393	7665	0.0063	59130171.26209983	0.93229	6936	0.90489	4294655.073400001	0.06771	729	0.09511
17794	茶饮料	62202298.57029999	0.00385	4631	0.00381	53715610.96349996	0.86356	3903	0.8428	8486687.606800003	0.13644	728	0.1572
17767	芒果干	62169142.64039972	0.00385	2989	0.00246	61770213.86639973	0.99358	2887	0.96587	398928.774	0.00642	102	0.03413
18597	其它肉干肉脯	60939434.41790003	0.00378	3650	0.003	35168379.02440005	0.5771	3383	0.92685	25771055.393499997	0.4229	267	0.07315
17681	菜籽油	59822630.62329996	0.00371	1837	0.00151	58956757.92349996	0.98553	1750	0.95264	865872.6998000001	0.01447	87	0.04736
17799	芝麻糊	58726049.03179995	0.00364	2200	0.00181	56378661.68759996	0.96003	2072	0.94182	2347387.3442	0.03997	128	0.05818
17630	糕点	58697349.52349997	0.00364	5226	0.0043	54066407.166999996	0.9211	4921	0.94164	4630942.3565	0.0789	305	0.05836
21390	食糖	58500973.36159986	0.00363	7508	0.00617	56575266.6004999	0.96708	6903	0.91942	1925706.7611000007	0.03292	605	0.08058
17670	其它杂粮	57343610.53239971	0.00355	10861	0.00893	51316999.99609977	0.8949	9940	0.9152	6026610.536299996	0.1051	921	0.0848
17733	奶片	56188002.03300002	0.00348	1650	0.00136	55809795.843400024	0.99327	1563	0.94727	378206.18960000004	0.00673	87	0.05273
17749	花生	55764244.88729984	0.00346	7296	0.006	51667914.02279989	0.92654	6705	0.919	4096330.8645000006	0.07346	591	0.081
21385	复合调味料	55598679.34699986	0.00345	15946	0.01311	51984251.53319987	0.93499	15122	0.94833	3614427.813799999	0.06501	824	0.05167
22153	大红袍	55483145.62179994	0.00344	4449	0.00366	54014011.120299965	0.97352	4180	0.93954	1469134.5014999995	0.02648	269	0.06046
17780	混合蔬果干	55067963.38900004	0.00341	3487	0.00287	53405871.30070005	0.96982	3301	0.94666	1662092.0883	0.03018	186	0.05334
17739	杏仁/巴旦木	54397992.48199996	0.00337	1619	0.00133	52763398.19259997	0.96995	1502	0.92773	1634594.2893999997	0.03005	117	0.07227
17675	小麦面粉	54330836.28299988	0.00337	8794	0.00723	52919138.93119991	0.97402	8521	0.96896	1411697.3518	0.02598	273	0.03104
22324	水果麦片	54279790.22269992	0.00336	1288	0.00106	54089361.54729992	0.99649	1253	0.97283	190428.6754	0.00351	35	0.02717
17676	玉米油	54091889.09409997	0.00335	1339	0.0011	53360287.30709995	0.98647	1298	0.96938	731601.787	0.01353	41	0.03062
22343	长粒香米	52680768.79909994	0.00326	2522	0.00207	49029412.39959997	0.93069	2222	0.88105	3651356.3995	0.06931	300	0.11895
22342	珍珠米	52552556.99470003	0.00326	1708	0.0014	49298921.497400045	0.93809	1582	0.92623	3253635.497299999	0.06191	126	0.07377
17704	棒棒糖	50680089.68699976	0.00314	4961	0.00408	50078910.70589977	0.98814	4801	0.96775	601178.9810999999	0.01186	160	0.03225
22119	低脂纯牛奶	50604763.20040001	0.00314	233	0.00019	50597513.15040001	0.99986	226	0.96996	7250.05	0.00014	7	0.03004
17657	米	48646893.383999996	0.00301	2242	0.00184	46990162.93349999	0.96594	2015	0.89875	1656730.4504999998	0.03406	227	0.10125
17787	碳酸饮料	47272707.07779999	0.00293	4263	0.0035	44324342.64709998	0.93763	3986	0.93502	2948364.430700001	0.06237	277	0.06498
17736	开心果	47219084.37599993	0.00293	1526	0.00125	47069173.159399934	0.99683	1444	0.94626	149911.21659999999	0.00317	82	0.05374
17796	乳酸菌乳品	47210533.38769992	0.00293	2215	0.00182	46952078.90019991	0.99453	2142	0.96704	258454.48750000005	0.00547	73	0.03296
17637	坚果炒货	46680152.589599945	0.00289	1735	0.00143	44694987.13029994	0.95747	1583	0.91239	1985165.4592999998	0.04253	152	0.08761
17810	咖啡豆	46385196.36630002	0.00287	5485	0.00451	42004668.21230001	0.90556	5028	0.91668	4380528.154000003	0.09444	457	0.08332
18599	其它坚果炒货	45638095.90700005	0.00283	3325	0.00273	39006791.65090003	0.8547	2870	0.86316	6631304.256099999	0.1453	455	0.13684
17706	奶糖	44878200.845399946	0.00278	3482	0.00286	44517535.74939995	0.99196	3330	0.95635	360665.09599999996	0.00804	152	0.04365
17726	酱卤肉	44290738.413999975	0.00274	3278	0.00269	22458112.40010004	0.50706	2958	0.90238	21832626.013899993	0.49294	320	0.09762
20074	混合五谷粉	43992138.60369997	0.00273	2060	0.00169	39857936.89119996	0.90602	1872	0.90874	4134201.712500001	0.09398	188	0.09126
17804	豆浆	42960404.55499994	0.00266	2698	0.00222	39565215.373999976	0.92097	2518	0.93328	3395189.181	0.07903	180	0.06672
17784	饮用天然水	42904355.44090001	0.00266	1609	0.00132	41791235.02650002	0.97406	1568	0.97452	1113120.4144000001	0.02594	41	0.02548
17680	葵花籽油	42651274.14399992	0.00264	914	0.00075	38663140.29719995	0.90649	876	0.95842	3988133.8468000004	0.09351	38	0.04158
17760	山楂干	41816121.40599992	0.00259	4244	0.00349	40892212.48349994	0.97791	3983	0.9385	923908.9225000003	0.02209	261	0.0615
17650	茶饮	41141373.808100015	0.00255	7210	0.00593	29562806.48740002	0.71857	5055	0.70111	11578567.32069998	0.28143	2155	0.29889
17758	红薯条/干	41006804.98370003	0.00254	4917	0.00404	39041284.071899995	0.95207	4465	0.90807	1965520.9117999997	0.04793	452	0.09193
20072	海苔	40268727.946099974	0.0025	2708	0.00223	39763638.97339997	0.98746	2503	0.9243	505088.97270000004	0.01254	205	0.0757
17766	梅子干	39955077.01500001	0.00248	5427	0.00446	38846145.81650004	0.97225	4969	0.91561	1108931.1985000002	0.02775	458	0.08439
23883	其他干货	38918207.36559997	0.00241	6315	0.00519	32636051.96859998	0.83858	4984	0.78923	6282155.396999992	0.16142	1331	0.21077
22348	其它米	38217396.302399985	0.00237	2713	0.00223	32025774.446000025	0.83799	2355	0.86804	6191621.856399999	0.16201	358	0.13196
17660	调味品	37224347.16320012	0.00231	11228	0.00923	34513874.95820012	0.92719	10496	0.93481	2710472.2049999973	0.07281	732	0.06519
17775	陈皮	36648137.65540003	0.00227	1833	0.00151	35210836.818800025	0.96078	1676	0.91435	1437300.8365999998	0.03922	157	0.08565
17746	长寿果/碧根果	34960890.58249999	0.00217	1594	0.00131	34660269.46749999	0.9914	1510	0.9473	300621.115	0.0086	84	0.0527
22164	白牡丹	34743403.94	0.00215	1688	0.00139	30212785.258099996	0.8696	1490	0.8827	4530618.681899999	0.1304	198	0.1173
17683	橄榄油	34593826.60540001	0.00214	1302	0.00107	34449263.39540001	0.99582	1258	0.96621	144563.21	0.00418	44	0.03379
17705	水果硬糖	33814927.60570006	0.0021	4920	0.00404	32978274.319400065	0.97526	4640	0.94309	836653.2863000002	0.02474	280	0.05691
17662	小米	33485749.41220005	0.00208	3191	0.00262	32641515.504300047	0.97479	2967	0.9298	844233.9079	0.02521	224	0.0702
22171	辣椒酱	32229770.82000003	0.002	3733	0.00307	32126295.36660003	0.99679	3624	0.9708	103475.45340000003	0.00321	109	0.0292
17783	矿泉水	31167781.220800016	0.00193	2146	0.00176	29926703.313800015	0.96018	2086	0.97204	1241077.907	0.03982	60	0.02796
17795	苏打水	30991754.612200007	0.00192	1749	0.00144	30689104.034700006	0.99023	1669	0.95426	302650.57749999996	0.00977	80	0.04574
22152	其他红茶	30438808.3496	0.00189	4227	0.00347	27416527.5067	0.90071	3690	0.87296	3022280.842899998	0.09929	537	0.12704
17801	藕粉	30366493.863799993	0.00188	1954	0.00161	29790945.2574	0.98105	1814	0.92835	575548.6063999997	0.01895	140	0.07165
22140	毛尖	30315863.668300018	0.00188	2143	0.00176	29690257.001000017	0.97936	1965	0.91694	625606.6673000001	0.02064	178	0.08306
22268	胶囊咖啡	29781642.009300012	0.00185	986	0.00081	29061675.101900015	0.97583	899	0.91176	719966.9073999999	0.02417	87	0.08824
17708	棉花糖	29535416.926099986	0.00183	1495	0.00123	29493901.871299986	0.99859	1453	0.97191	41515.0548	0.00141	42	0.02809
18598	其它熟食腊味	29207073.896899976	0.00181	2943	0.00242	24387276.95679996	0.83498	2616	0.88889	4819796.940100001	0.16502	327	0.11111
17709	酥糖	28969788.2401	0.0018	2636	0.00217	28580962.641499992	0.98658	2541	0.96396	388825.5986	0.01342	95	0.03604
17687	奶油	28553246.91640007	0.00177	2269	0.00187	28393420.34370007	0.9944	2236	0.98546	159826.5727	0.0056	33	0.01454
17792	功能饮料	27425269.7203	0.0017	2328	0.00191	22878386.385000024	0.83421	1950	0.83763	4546883.335300001	0.16579	378	0.16237
21384	香辛料	26802797.703499995	0.00166	8315	0.00684	25838019.186400007	0.964	7640	0.91882	964778.5171000002	0.036	675	0.08118
22147	滇红	26446714.89320001	0.00164	2506	0.00206	25335124.871400017	0.95797	2324	0.92737	1111590.0218	0.04203	182	0.07263
22118	脱脂纯牛奶	25610354.42170001	0.00159	207	0.00017	25602672.871700007	0.9997	197	0.95169	7681.55	0.0003	10	0.04831
17635	蜜饯果干	25596668.29970004	0.00159	2767	0.00227	13208808.025900014	0.51604	2174	0.78569	12387860.273800006	0.48396	593	0.21431
20073	薄荷糖	25560236.228899978	0.00158	1791	0.00147	22390597.051999986	0.87599	1641	0.91625	3169639.1768999994	0.12401	150	0.08375
17649	纯麦片	25181453.920300014	0.00156	2841	0.00234	24641418.5352	0.97855	2680	0.94333	540035.3851	0.02145	161	0.05667
17652	橄榄油	24936912.179700017	0.00155	1508	0.00124	24916432.788200017	0.99918	1479	0.98077	20479.3915	0.00082	29	0.01923
17710	橡皮糖	24788758.948299896	0.00154	3522	0.0029	23630311.32969992	0.95327	3356	0.95287	1158447.6186	0.04673	166	0.04713
17707	牛轧糖	24727335.66320004	0.00153	2036	0.00167	24641774.63800004	0.99654	1979	0.972	85561.0252	0.00346	57	0.028
17685	其它油	24354029.260099985	0.00151	2522	0.00207	23286030.73349999	0.95615	2295	0.90999	1067998.5266	0.04385	227	0.09001
22138	碧螺春	24018030.301999982	0.00149	1851	0.00152	23746283.351699986	0.98869	1762	0.95192	271746.95029999997	0.01131	89	0.04808
22120	风味奶	23979104.277300008	0.00149	1281	0.00105	22703002.609500006	0.94678	1206	0.94145	1276101.6678000002	0.05322	75	0.05855
17786	乳酸菌饮料	23784084.71470002	0.00147	1700	0.0014	23128573.55510002	0.97244	1613	0.94882	655511.1595999999	0.02756	87	0.05118
21376	醋	23671529.682400085	0.00147	6969	0.00573	21939427.565500103	0.92683	6473	0.92883	1732102.1168999996	0.07317	496	0.07117
17894	牛排	23475943.537300006	0.00145	886	0.00073	1333909.7481999998	0.05682	166	0.18736	22142033.78910001	0.94318	720	0.81264
22347	泰国香米	22665004.786600005	0.0014	677	0.00056	22447455.709300004	0.9904	629	0.9291	217549.07729999995	0.0096	48	0.0709
17761	葡萄干	22293972.38139999	0.00138	2828	0.00232	21176477.018799983	0.94987	2567	0.90771	1117495.3625999999	0.05013	261	0.09229
17689	黄油	22212727.189500026	0.00138	1954	0.00161	22117869.596500028	0.99573	1914	0.97953	94857.593	0.00427	40	0.02047
17721	兔肉零食	21921894.043900013	0.00136	999	0.00082	21485121.098400008	0.98008	935	0.93594	436772.9455	0.01992	64	0.06406
17642	果蔬汁/饮料	21813571.39840002	0.00135	3105	0.00255	20525979.47950004	0.94097	2874	0.9256	1287591.9189	0.05903	231	0.0744
22141	安吉白茶	20702540.016100004	0.00128	1718	0.00141	20458536.357300002	0.98821	1606	0.93481	244003.6588	0.01179	112	0.06519
17791	即饮咖啡	20535328.99190002	0.00127	1385	0.00114	15443297.199199997	0.75204	1172	0.84621	5092031.7927	0.24796	213	0.15379
22113	脱脂纯牛奶	20521484.73379999	0.00127	325	0.00027	20462715.93379999	0.99714	309	0.95077	58768.8	0.00286	16	0.04923
17647	麦卢卡蜜种	20390099.37080001	0.00126	1203	0.00099	19898044.967600018	0.97587	1001	0.83209	492054.40319999994	0.02413	202	0.16791
17782	纯净水	20330911.888899982	0.00126	769	0.00063	20269361.580399986	0.99697	747	0.97139	61550.3085	0.00303	22	0.02861
17699	速食汤	20128265.0702	0.00125	3111	0.00256	18672836.4787	0.92769	2909	0.93507	1455428.5915	0.07231	202	0.06493
21382	火锅蘸料	20125768.66220001	0.00125	3518	0.00289	20000644.662900012	0.99378	3472	0.98692	125123.9993	0.00622	46	0.01308
22159	安化黑茶	19986080.53270002	0.00124	1987	0.00163	16013366.620699996	0.80123	1525	0.76749	3972713.911999999	0.19877	462	0.23251
17627	酸奶	19910166.626400013	0.00123	936	0.00077	19729020.99470001	0.9909	896	0.95726	181145.63169999994	0.0091	40	0.04274
17803	豆奶	19723406.558300044	0.00122	924	0.00076	19536061.429900046	0.9905	896	0.9697	187345.12840000002	0.0095	28	0.0303
22165	寿眉	19431896.678499997	0.0012	1379	0.00113	18982353.779599994	0.97687	1253	0.90863	449542.89890000003	0.02313	126	0.09137
17678	大豆油	18503036.135700002	0.00115	1105	0.00091	17508524.175900027	0.94625	1058	0.95747	994511.9597999997	0.05375	47	0.04253
17698	速食粥	18185437.57940002	0.00113	2003	0.00165	17536368.61100003	0.96431	1913	0.95507	649068.9684000002	0.03569	90	0.04493
23869	桂圆	17892400.88630002	0.00111	1047	0.00086	16060026.471900018	0.89759	946	0.90353	1832374.4144	0.10241	101	0.09647
17658	意面/挂面	17647391.110200003	0.00109	2920	0.0024	17474337.3104	0.99019	2802	0.95959	173053.79979999995	0.00981	118	0.04041
17633	海苔	17532290.081100006	0.00109	1885	0.00155	10336064.050100006	0.58954	1745	0.92573	7196226.031	0.41046	140	0.07427
17703	口香糖	17445270.238200016	0.00108	2539	0.00209	16949779.051300015	0.9716	2354	0.92714	495491.18690000003	0.0284	185	0.07286
22163	白毫银针	17425893.1005	0.00108	969	0.0008	16695969.197599996	0.95811	869	0.8968	729923.9029	0.04189	100	0.1032
23874	木耳	17359547.36890001	0.00108	1699	0.0014	17060756.3643	0.98279	1548	0.91112	298791.0045999998	0.01721	151	0.08888
17682	山茶油	17034036.58620001	0.00106	1284	0.00106	16624577.533800013	0.97596	1164	0.90654	409459.0524	0.02404	120	0.09346
17750	蚕豆/兰花豆	16919246.324400038	0.00105	3211	0.00264	16279014.681800025	0.96216	3072	0.95671	640231.6426000003	0.03784	139	0.04329
17745	板栗	16878242.588800006	0.00105	1622	0.00133	15381779.255700005	0.91134	1458	0.89889	1496463.3330999995	0.08866	164	0.10111
17711	润喉糖	16605414.839500023	0.00103	2168	0.00178	15593780.738600016	0.93908	1857	0.85655	1011634.1009000005	0.06092	311	0.14345
22264	咖啡粉	16577721.628200011	0.00103	1133	0.00093	16205623.355400011	0.97755	1084	0.95675	372098.2727999999	0.02245	49	0.04325
17673	糙米	16363141.427100003	0.00101	1464	0.0012	16337746.132300003	0.99845	1427	0.97473	25395.294800000003	0.00155	37	0.02527
17742	桃仁	15647529.10160001	0.00097	789	0.00065	15034815.010600006	0.96084	718	0.91001	612714.0910000001	0.03916	71	0.08999
17656	其它速食	15558445.816700013	0.00096	2267	0.00186	15042381.073200013	0.96683	2055	0.90648	516064.7435000001	0.03317	212	0.09352
22170	烘焙原料套装	15321459.6846	0.00095	353	0.00029	15066295.088599999	0.98335	343	0.97167	255164.59600000002	0.01665	10	0.02833
17686	烘焙粉	14903084.23770009	0.00092	5780	0.00475	14573587.854000088	0.97789	5601	0.96903	329496.3837	0.02211	179	0.03097
23868	枸杞/红枸杞	14889160.684100049	0.00092	2445	0.00201	13832411.72990004	0.92903	2136	0.87362	1056748.9541999996	0.07097	309	0.12638
22341	小町米	14841437.286700008	0.00092	376	0.00031	13659500.38430001	0.92036	333	0.88564	1181936.9024000003	0.07964	43	0.11436
17790	凉茶	14826079.348699985	0.00092	1845	0.00152	13737394.327599987	0.92657	1290	0.69919	1088685.0210999998	0.07343	555	0.30081
17811	咖啡伴侣	14421769.039299993	0.00089	2644	0.00217	14067459.432699995	0.97543	2546	0.96293	354309.6066	0.02457	98	0.03707
22422	山核桃	14414465.453699997	0.00089	400	0.00033	14410553.941199996	0.99973	384	0.96	3911.5125000000003	0.00027	16	0.04
17776	草莓干	14051710.674200002	0.00087	1271	0.00104	13982381.219999999	0.99507	1230	0.96774	69329.4542	0.00493	41	0.03226
22155	肉桂	13984575.750300007	0.00087	1077	0.00089	13532764.528500002	0.96769	948	0.88022	451811.2217999999	0.03231	129	0.11978
17638	肉干/鱼类	13837128.510400001	0.00086	1170	0.00096	13433687.930299997	0.97084	1087	0.92906	403440.58009999996	0.02916	83	0.07094
22346	油粘米	13827761.690400008	0.00086	294	0.00024	10654213.061900008	0.77049	258	0.87755	3173548.628499999	0.22951	36	0.12245
17902	其他牛肉	13737807.215999994	0.00085	623	0.00051	2765602.0653	0.20131	340	0.54575	10972205.150699997	0.79869	283	0.45425
17667	芝麻	13703550.016600022	0.00085	1398	0.00115	12890708.393900024	0.94068	1233	0.88197	812841.6227000002	0.05932	165	0.11803
23827	其它蜜种	13291884.50049999	0.00082	940	0.00077	10524175.674299998	0.79177	755	0.80319	2767708.8262000014	0.20823	185	0.19681
22139	毛峰	12939288.756700015	0.0008	1621	0.00133	12789276.54960001	0.98841	1558	0.96114	150012.2071	0.01159	63	0.03886
22154	单枞	12404634.157899994	0.00077	1230	0.00101	12155077.106299998	0.97988	1135	0.92276	249557.0516	0.02012	95	0.07724
17691	烘焙馅料	12224989.443700008	0.00076	2737	0.00225	11969416.0664	0.97909	2630	0.96091	255573.3772999999	0.02091	107	0.03909
21462	酱卤制品	12061747.798800014	0.00075	872	0.00072	11571959.013300015	0.95939	724	0.83028	489788.7854999999	0.04061	148	0.16972
21378	鸡精/味精	11654544.385799991	0.00072	2257	0.00186	11320839.373299994	0.97137	2048	0.9074	333705.01250000007	0.02863	209	0.0926
17724	腊肠	11430834.551599992	0.00071	842	0.00069	11318928.303599995	0.99021	749	0.88955	111906.24799999998	0.00979	93	0.11045
23875	银耳	11365238.202399993	0.0007	1154	0.00095	11125762.938599994	0.97893	1072	0.92894	239475.26379999993	0.02107	82	0.07106
22162	其他黑茶	11319773.768100008	0.0007	795	0.00065	11045226.288700005	0.97575	683	0.85912	274547.47939999995	0.02425	112	0.14088
22263	咖啡豆	10841351.8563	0.00067	750	0.00062	10640402.276500002	0.98146	681	0.908	200949.5798	0.01854	69	0.092
17747	巴旦木	10779480.27040001	0.00067	802	0.00066	10484937.095600009	0.97268	752	0.93766	294543.1748	0.02732	50	0.06234
17802	可可/巧克力饮品	10667829.844700007	0.00066	735	0.0006	9781601.630100006	0.91693	697	0.9483	886228.2146000001	0.08307	38	0.0517
22169	烘焙半成品	10614824.47259999	0.00066	586	0.00048	10362388.846099991	0.97622	563	0.96075	252435.62649999998	0.02378	23	0.03925
22142	雀舌	10441052.101600002	0.00065	826	0.00068	10357168.769000003	0.99197	785	0.95036	83883.3326	0.00803	41	0.04964
17806	冲饮果汁	10269659.707899988	0.00064	1927	0.00158	8977846.896599997	0.87421	1737	0.9014	1291812.8113000006	0.12579	190	0.0986
17668	燕麦	10216857.026800003	0.00063	1069	0.00088	10113910.080800002	0.98992	1004	0.9392	102946.94600000001	0.01008	65	0.0608
17688	酵母	10207397.753300007	0.00063	1863	0.00153	9729249.641400011	0.95316	1808	0.97048	478148.1119000001	0.04684	55	0.02952
22110	矿泉水	10174735.453999998	0.00063	1068	0.00088	10047043.709299998	0.98745	1058	0.99064	127691.7447	0.01255	10	0.00936
22326	膨化谷物	9875691.3832	0.00061	140	0.00012	4013098.6332	0.40636	135	0.96429	5862592.75	0.59364	5	0.03571
17684	亚麻油/火麻油	9730957.803400002	0.0006	1381	0.00114	9277051.686100002	0.95335	1307	0.94642	453906.1173	0.04665	74	0.05358
22112	全脂纯牛奶	9698497.8923	0.0006	123	0.0001	9511473.3923	0.98072	115	0.93496	187024.5	0.01928	8	0.06504
17751	豌豆/青豆	9391583.691800002	0.00058	1773	0.00146	8396782.6347	0.89408	1677	0.94585	994801.0571	0.10592	96	0.05415
22345	丝苗米	9126405.584900003	0.00057	656	0.00054	9073276.853500003	0.99418	601	0.91616	53128.7314	0.00582	55	0.08384
23876	香菇	9064433.531699987	0.00056	1664	0.00137	8625026.382799992	0.95152	1449	0.87079	439407.1489	0.04848	215	0.12921
23833	蜂蜜柚子茶	9062571.189600002	0.00056	888	0.00073	8897320.776800003	0.98177	804	0.90541	165250.41280000008	0.01823	84	0.09459
17671	黑米	9055579.339599999	0.00056	1131	0.00093	8971947.951299997	0.99076	1074	0.9496	83631.38829999999	0.00924	57	0.0504
17753	杏干	9018141.615600005	0.00056	1464	0.0012	8297020.837800003	0.92004	1323	0.90369	721120.7778	0.07996	141	0.09631
22148	祁红	8949349.934100002	0.00055	878	0.00072	8790732.630600002	0.98228	845	0.96241	158617.3035	0.01772	33	0.03759
17659	烘焙原料	8942819.757099992	0.00055	2024	0.00166	8068824.27689999	0.90227	1910	0.94368	873995.4802000001	0.09773	114	0.05632
17645	咖啡/奶茶饮料	8899187.910000002	0.00055	879	0.00072	8297740.909399996	0.93242	809	0.92036	601447.0006	0.06758	70	0.07964
22117	全脂纯牛奶	8678259.5654	0.00054	114	9e-05	8677127.165399998	0.99987	111	0.97368	1132.4	0.00013	3	0.02632
22425	槟榔	8601331.291900009	0.00053	638	0.00052	6130310.229700003	0.71272	316	0.4953	2471021.0621999996	0.28728	322	0.5047
22321	其他煮食面	8499943.668999992	0.00053	472	0.00039	8426367.837599993	0.99134	449	0.95127	73575.8314	0.00866	23	0.04873
22166	贡眉	8499140.376700003	0.00053	536	0.00044	8350375.577900001	0.9825	480	0.89552	148764.79880000002	0.0175	56	0.10448
17907	香肠	8491164.542999996	0.00053	297	0.00024	3148457.9030000013	0.37079	283	0.95286	5342706.64	0.62921	14	0.04714
17755	无花果干	8453477.02670001	0.00052	912	0.00075	8202447.311900009	0.9703	828	0.90789	251029.71480000002	0.0297	84	0.09211
23881	粉丝/粉条	8397200.605599996	0.00052	1164	0.00096	8028224.842799998	0.95606	1093	0.939	368975.7628000001	0.04394	71	0.061
17769	蔓越莓干	8348878.119900002	0.00052	931	0.00077	8265269.572899998	0.98999	872	0.93663	83608.54699999999	0.01001	59	0.06337
21374	蚝油	7886254.095799997	0.00049	1051	0.00086	7706476.717899997	0.9772	989	0.94101	179777.37790000005	0.0228	62	0.05899
17771	榴莲干	7829277.424799998	0.00049	551	0.00045	7333397.157099999	0.93666	520	0.94374	495880.2677	0.06334	31	0.05626
21375	料酒	7605541.876099998	0.00047	1174	0.00097	7368351.953299997	0.96881	1074	0.91482	237189.92279999997	0.03119	100	0.08518
17702	卤蛋	7564623.612000002	0.00047	786	0.00065	7441064.905600002	0.98367	722	0.91858	123558.70639999998	0.01633	64	0.08142
22167	其他白茶	7563655.7929000035	0.00047	852	0.0007	7157773.339400004	0.94634	733	0.86033	405882.45349999995	0.05366	119	0.13967
17779	柠檬片	7546100.009099997	0.00047	980	0.00081	7487842.327199997	0.99228	888	0.90612	58257.68189999999	0.00772	92	0.09388
21380	腐乳	7370318.355200002	0.00046	2141	0.00176	6514536.997199997	0.88389	1930	0.90145	855781.3579999993	0.11611	211	0.09855
22503	植物蛋白饮料	7029633.3986	0.00044	282	0.00023	6767941.300299999	0.96277	260	0.92199	261692.0983	0.03723	22	0.07801
23879	腐竹/豆油皮	7027187.8619	0.00044	791	0.00065	6971146.028399999	0.99202	746	0.94311	56041.83349999999	0.00798	45	0.05689
22111	气泡水	6892866.402099999	0.00043	475	0.00039	6860394.696099998	0.99529	464	0.97684	32471.706000000002	0.00471	11	0.02316
17808	椰子粉	6802301.617799998	0.00042	782	0.00064	6493732.7779	0.95464	754	0.96419	308568.83989999996	0.04536	28	0.03581
17648	奶茶	6783577.546100003	0.00042	1102	0.00091	6609613.099600003	0.97436	1029	0.93376	173964.44650000002	0.02564	73	0.06624
21388	咖喱	6591603.642799992	0.00041	1877	0.00154	6205027.2367999945	0.94135	1814	0.96644	386576.406	0.05865	63	0.03356
22172	沙拉酱	6402277.639899993	0.0004	884	0.00073	6367691.639899993	0.9946	873	0.98756	34586.0	0.0054	11	0.01244
22121	天然苏打水	6356273.171100002	0.00039	184	0.00015	6342120.771100001	0.99777	182	0.98913	14152.4	0.00223	2	0.01087
17785	其它饮用水	6236996.220200001	0.00039	544	0.00045	5712156.010600002	0.91585	484	0.88971	524840.2096	0.08415	60	0.11029
17664	红豆	6145785.622700001	0.00038	1754	0.00144	6041240.7902000025	0.98299	1643	0.93672	104544.83250000002	0.01701	111	0.06328
17700	火腿肠	6127195.800700001	0.00038	1141	0.00094	5864158.366	0.95707	997	0.87379	263037.4347	0.04293	144	0.12621
17646	成人奶粉	5933011.742900001	0.00037	149	0.00012	5754486.598900001	0.96991	130	0.87248	178525.144	0.03009	19	0.12752
22160	六堡茶	5666417.859199999	0.00035	492	0.0004	3030809.5992000005	0.53487	410	0.83333	2635608.2600000002	0.46513	82	0.16667
17757	桃干	5530923.0334	0.00034	1061	0.00087	5475492.1665	0.98998	1027	0.96795	55430.86689999999	0.01002	34	0.03205
17728	火腿	5423960.448299997	0.00034	533	0.00044	4262230.490099995	0.78582	440	0.82552	1161729.9582	0.21418	93	0.17448
22116	其他乳制品	5313925.4750000015	0.00033	164	0.00013	5313274.175000002	0.99988	160	0.97561	651.3	0.00012	4	0.02439
22259	咖啡粉	5170955.8551	0.00032	185	0.00015	5130431.8392	0.99216	163	0.88108	40524.0159	0.00784	22	0.11892
17741	榛子	5072545.239999998	0.00031	589	0.00048	4792690.0638999995	0.94483	531	0.90153	279855.1761	0.05517	58	0.09847
22432	藜麦	5045811.306300001	0.00031	328	0.00027	5034253.862800001	0.99771	313	0.95427	11557.4435	0.00229	15	0.04573
23870	莲子	5033404.597599995	0.00031	944	0.00078	4805953.069099998	0.95481	824	0.87288	227451.5285	0.04519	120	0.12712
21386	芝麻香油	4903746.648699991	0.0003	798	0.00066	4775887.151099993	0.97393	724	0.90727	127859.49759999999	0.02607	74	0.09273
22157	冻顶乌龙	4875409.586600001	0.0003	360	0.0003	4614753.4853	0.94654	329	0.91389	260656.10129999998	0.05346	31	0.08611
23880	竹荪	4870837.5343	0.0003	570	0.00047	4483079.5624	0.92039	478	0.8386	387757.97189999995	0.07961	92	0.1614
17654	其它油	4819549.622399997	0.0003	903	0.00074	4523694.4224999985	0.93861	851	0.94241	295855.19989999983	0.06139	52	0.05759
22174	番茄酱	4801173.579599997	0.0003	875	0.00072	4782670.759599998	0.99615	857	0.97943	18502.819999999996	0.00385	18	0.02057
21461	火腿	4623242.868299998	0.00029	191	0.00016	1104092.6783	0.23881	147	0.76963	3519150.19	0.76119	44	0.23037
17651	五谷粉	4606814.7656000005	0.00029	686	0.00056	4233253.704999999	0.91891	580	0.84548	373561.06059999997	0.08109	106	0.15452
22156	水仙	4545953.0255	0.00028	474	0.00039	4424584.917899998	0.9733	411	0.86709	121368.10759999997	0.0267	63	0.13291
17669	薏仁米	4502300.8517	0.00028	1114	0.00092	4103202.5638000015	0.91136	1040	0.93357	399098.2879	0.08864	74	0.06643
17719	羊肉类	4430962.665999998	0.00027	344	0.00028	4392470.566	0.99131	330	0.9593	38492.1	0.00869	14	0.0407
17672	糯米	4376301.513099997	0.00027	1249	0.00103	4343327.494999997	0.99247	1181	0.94556	32974.0181	0.00753	68	0.05444
22448	普洱生熟茶组合	4347969.7288	0.00027	327	0.00027	4234312.1687	0.97386	279	0.85321	113657.5601	0.02614	48	0.14679
23882	菜干类	4326555.094699999	0.00027	1461	0.0012	4199132.434799999	0.97055	1295	0.88638	127422.65989999998	0.02945	166	0.11362
22433	混合杂粮米	4301520.933	0.00027	462	0.00038	4060943.412999998	0.94407	447	0.96753	240577.52	0.05593	15	0.03247
21387	浓汤宝	4283640.156300004	0.00027	687	0.00056	4210346.489900001	0.98289	650	0.94614	73293.66639999999	0.01711	37	0.05386
23873	黑枸杞	4260928.313900001	0.00026	298	0.00024	3861209.4039	0.90619	194	0.65101	399718.9099999999	0.09381	104	0.34899
21459	香肠	4209556.6481	0.00026	380	0.00031	2969789.0772	0.70549	292	0.76842	1239767.5709000002	0.29451	88	0.23158
17661	黄豆	3954456.4300999995	0.00025	1426	0.00117	3855995.9392	0.9751	1353	0.94881	98460.49090000002	0.0249	73	0.05119
22115	风味奶	3850695.4673999995	0.00024	153	0.00013	3848575.6128999996	0.99945	150	0.98039	2119.8545	0.00055	3	0.01961
17754	香蕉干	3809703.5882999985	0.00024	746	0.00061	3429823.875499998	0.90029	708	0.94906	379879.7128	0.09971	38	0.05094
22143	猴魁	3750269.5761999986	0.00023	526	0.00043	3634925.933799999	0.96924	480	0.91255	115343.64240000001	0.03076	46	0.08745
17636	果冻布丁	3749130.1783999954	0.00023	901	0.00074	2560906.4222999997	0.68307	786	0.87236	1188223.7561000006	0.31693	115	0.12764
22447	核桃油	3698090.2125999997	0.00023	451	0.00037	3649830.3356000003	0.98695	422	0.9357	48259.877	0.01305	29	0.0643
17788	酸梅汤	3671156.9021999957	0.00023	982	0.00081	3521902.0878999964	0.95934	885	0.90122	149254.81429999994	0.04066	97	0.09878
22176	代糖	3622844.356999999	0.00022	269	0.00022	3589305.3939999994	0.99074	256	0.95167	33538.963	0.00926	13	0.04833
22424	香榧子	3602508.113500001	0.00022	137	0.00011	3575576.683500001	0.99252	126	0.91971	26931.43	0.00748	11	0.08029
17640	功能饮料	3596265.9738999996	0.00022	229	0.00019	3519473.4497	0.97865	156	0.68122	76792.5242	0.02135	73	0.31878
22114	低脂纯牛奶	3383159.5856999997	0.00021	172	0.00014	3378198.0856999997	0.99853	164	0.95349	4961.5	0.00147	8	0.04651
22430	椰子片	3258367.5531	0.0002	183	0.00015	3254307.4331	0.99875	178	0.97268	4060.12	0.00125	5	0.02732
22173	豆瓣酱	3163215.3791000014	0.0002	742	0.00061	3142343.402300001	0.9934	716	0.96496	20871.976800000008	0.0066	26	0.03504
22137	瓜片	3104378.6836999995	0.00019	485	0.0004	2756237.7964	0.88785	392	0.80825	348140.8872999999	0.11215	93	0.19175
22434	玉米碴	3097907.3169999993	0.00019	289	0.00024	2811668.7289999994	0.9076	271	0.93772	286238.588	0.0924	18	0.06228
22267	挂耳咖啡	3084518.599399999	0.00019	305	0.00025	2911868.0993999997	0.94403	288	0.94426	172650.5	0.05597	17	0.05574
17772	金桔干	3064163.8052000008	0.00019	400	0.00033	3025576.7887000013	0.98741	361	0.9025	38587.0165	0.01259	39	0.0975
17337	其他西点/蛋挞	3003992.5036	0.00019	172	0.00014	2983029.7327	0.99302	158	0.9186	20962.7709	0.00698	14	0.0814
22262	胶囊咖啡	2962068.4280999997	0.00018	120	0.0001	2934751.0008	0.99078	110	0.91667	27317.4273	0.00922	10	0.08333
17900	罗布麻	2938062.5013999976	0.00018	460	0.00038	320018.75639999995	0.10892	168	0.36522	2618043.7449999982	0.89108	292	0.63478
22175	果酱	2933796.4616000005	0.00018	831	0.00068	2717374.605100001	0.92623	790	0.95066	216421.8565	0.07377	41	0.04934
17639	碳酸饮料	2917224.7222999996	0.00018	1514	0.00124	2797630.349800001	0.959	1456	0.96169	119594.3725	0.041	58	0.03831
22325	复合麦片	2833071.8753000004	0.00018	357	0.00029	2807012.570700001	0.9908	339	0.94958	26059.3046	0.0092	18	0.05042
22149	英红	2771483.7799999965	0.00017	484	0.0004	2645477.384599997	0.95453	456	0.94215	126006.39540000001	0.04547	28	0.05785
17665	黑豆	2760039.593899999	0.00017	983	0.00081	2427138.7204	0.87939	910	0.92574	332900.8735	0.12061	73	0.07426
17666	花生	2715706.8871	0.00017	747	0.00061	2655077.6961000003	0.97767	653	0.87416	60629.19100000001	0.02233	94	0.12584
17653	椰子油	2640126.9901000005	0.00016	295	0.00024	2613247.9901000005	0.98982	279	0.94576	26879.0	0.01018	16	0.05424
17690	果冻/布丁粉	2502500.217099996	0.00016	1339	0.0011	2437473.5880999956	0.97402	1306	0.97535	65026.62900000001	0.02598	33	0.02465
17763	苹果干	2301801.1614000006	0.00014	240	0.0002	2191029.8537000003	0.95188	225	0.9375	110771.3077	0.04812	15	0.0625
21377	盐	2262781.634100001	0.00014	392	0.00032	2228440.4170000018	0.98482	336	0.85714	34341.2171	0.01518	56	0.14286
22329	水果麦片	2192283.5737	0.00014	194	0.00016	2189779.0887	0.99886	185	0.95361	2504.4849999999997	0.00114	9	0.04639
23871	百合	2100339.648100001	0.00013	389	0.00032	1776225.8118999999	0.84569	270	0.69409	324113.83619999996	0.15431	119	0.30591
17701	年糕	1935226.6958	0.00012	871	0.00072	1869608.7768000006	0.96609	771	0.88519	65617.91900000001	0.03391	100	0.11481
17764	猕猴桃干	1915603.402400001	0.00012	337	0.00028	1416492.9635000008	0.73945	311	0.92285	499110.4389	0.26055	26	0.07715
22327	麦片组合套装	1821156.899399999	0.00011	149	0.00012	1817631.7169999992	0.99806	145	0.97315	3525.1823999999997	0.00194	4	0.02685
22168	小苏打	1812463.050400001	0.00011	423	0.00035	1793264.960500001	0.98941	386	0.91253	19198.089900000003	0.01059	37	0.08747
22323	罐头	1667175.0471000005	0.0001	190	0.00016	1574950.3905000004	0.94468	160	0.84211	92224.65660000002	0.05532	30	0.15789
22322	杂粮面粉	1492476.8331000016	9e-05	559	0.00046	1476523.0445000015	0.98931	531	0.94991	15953.788599999998	0.01069	28	0.05009
17910	酱卤制品	1455128.1432	9e-05	159	0.00013	840899.7386999999	0.57789	112	0.7044	614228.4045	0.42211	47	0.2956
22177	花椒油	1385737.2429000023	9e-05	369	0.0003	1287006.3470000022	0.92875	351	0.95122	98730.8959	0.07125	18	0.04878
17663	绿豆	1377521.221600002	9e-05	1094	0.0009	1310754.0610000016	0.95153	1024	0.93601	66767.16059999999	0.04847	70	0.06399
22261	挂耳咖啡	1358059.3141	8e-05	240	0.0002	1210263.0305000003	0.89117	196	0.81667	147796.2836	0.10883	44	0.18333
17800	酸梅粉	1314463.4674000002	8e-05	577	0.00047	1299584.7226000002	0.98868	545	0.94454	14878.7448	0.01132	32	0.05546
17777	菠萝蜜干	1266713.7833999998	8e-05	266	0.00022	1104417.5854	0.87188	252	0.94737	162296.198	0.12812	14	0.05263
17641	茶饮料	1217601.1364000002	8e-05	540	0.00044	1144656.5309	0.94009	496	0.91852	72944.6055	0.05991	44	0.08148
17725	腊肉	1192484.6786000002	7e-05	411	0.00034	1048351.6556000002	0.87913	343	0.83455	144133.023	0.12087	68	0.16545
20075	杂粮粉	1145856.9513000003	7e-05	409	0.00034	1144583.3013000004	0.99889	399	0.97555	1273.65	0.00111	10	0.02445
23877	猴头菇	1132594.8727000004	7e-05	387	0.00032	860771.8062	0.76	313	0.80879	271823.0665	0.24	74	0.19121
17839	阿胶糕/固元糕	1132268.6700000002	7e-05	9	1e-05	236111.66999999998	0.20853	6	0.66667	896157.0	0.79147	3	0.33333
22328	米稀米糊	1116293.0409000001	7e-05	172	0.00014	1091029.227	0.97737	130	0.75581	25263.813899999997	0.02263	42	0.24419
22442	奇亚籽	1110369.5536	7e-05	84	7e-05	1095445.0825999998	0.98656	78	0.92857	14924.471000000001	0.01344	6	0.07143
23878	茶树菇	1046761.9071000003	6e-05	394	0.00032	843733.7977000001	0.80604	338	0.85787	203028.10940000002	0.19396	56	0.14213
17778	菠萝/凤梨干	998986.8002000002	6e-05	330	0.00027	776950.2377000004	0.77774	320	0.9697	222036.5625	0.22226	10	0.0303
17643	乳酸菌饮料	929139.5498000004	6e-05	369	0.0003	887901.8498000003	0.95562	358	0.97019	41237.7	0.04438	11	0.02981
17774	橄榄	890769.2476999995	6e-05	690	0.00057	869397.9690999993	0.97601	599	0.86812	21371.278599999998	0.02399	91	0.13188
17335	蛋糕	862143.5955000002	5e-05	97	8e-05	772046.3475	0.8955	76	0.78351	90097.24799999999	0.1045	21	0.21649
22435	荞麦	857539.5071000003	5e-05	238	0.0002	817854.4032000002	0.95372	196	0.82353	39685.1039	0.04628	42	0.17647
22330	复合麦片	815567.1280000001	5e-05	58	5e-05	627190.9380000001	0.76902	45	0.77586	188376.19	0.23098	13	0.22414
23828	蜂蜜柚子茶	810974.2112999997	5e-05	223	0.00018	797866.7248999997	0.98384	195	0.87444	13107.4864	0.01616	28	0.12556
17336	披萨	659962.4412	4e-05	184	0.00015	640339.3211999999	0.97027	163	0.88587	19623.12	0.02973	21	0.11413
22269	咖啡伴侣	582586.6706000001	4e-05	44	4e-05	579476.081	0.99466	38	0.86364	3110.5896000000002	0.00534	6	0.13636
23832	其它蜜种	577493.9540000001	4e-05	299	0.00025	252552.43600000002	0.43732	123	0.41137	324941.51800000004	0.56268	176	0.58863
17904	牛内脏附件	561526.737	3e-05	31	3e-05	541626.3233	0.96456	14	0.45161	19900.413699999997	0.03544	17	0.54839
17887	饼干/磨牙棒	527719.3327	3e-05	14	1e-05	527719.3327	1.0	14	1.0	0	0.0	0	0
22178	豆豉	498744.7190000003	3e-05	228	0.00019	492396.4250000002	0.98727	222	0.97368	6348.294	0.01273	6	0.02632
17897	牛腱子	492213.3765	3e-05	66	5e-05	74395.722	0.15115	24	0.36364	417817.6545	0.84885	42	0.63636
17899	牛肉卷/牛肉片	464415.65	3e-05	108	9e-05	115435.3627	0.24856	29	0.26852	348980.28729999997	0.75144	79	0.73148
17884	糖果/果条	329457.54000000004	2e-05	3	0.0	329457.54000000004	1.0	3	1.0	0	0.0	0	0
23872	虫草花	318840.1961	2e-05	99	8e-05	191852.206	0.60172	71	0.71717	126987.99010000001	0.39828	28	0.28283
22161	青砖茶	310701.89700000006	2e-05	57	5e-05	309486.69700000004	0.99609	55	0.96491	1215.2	0.00391	2	0.03509
22332	麦片组合套装	303990.3168999999	2e-05	73	6e-05	300537.11689999996	0.98864	72	0.9863	3453.2	0.01136	1	0.0137
17781	南瓜干	298575.9847999999	2e-05	125	0.0001	297495.8808	0.99638	120	0.96	1080.104	0.00362	5	0.04
17644	苏打水	264177.0074	2e-05	67	6e-05	220975.64539999998	0.83647	50	0.74627	43201.362	0.16353	17	0.25373
22429	加应子/李子干	251168.4537	2e-05	33	3e-05	251035.12120000002	0.99947	31	0.93939	133.3325	0.00053	2	0.06061
17880	肉酥/肉松	223892.32510000002	1e-05	33	3e-05	223534.27510000003	0.9984	31	0.93939	358.05	0.0016	2	0.06061
22426	蓝莓干	210160.05719999995	1e-05	64	5e-05	203284.33919999996	0.96728	56	0.875	6875.718	0.03272	8	0.125
22440	亚麻籽	174232.7059	1e-05	44	4e-05	149592.636	0.85858	34	0.77273	24640.069900000002	0.14142	10	0.22727
22270	咖啡液	168248.2125	1e-05	20	2e-05	168248.2125	1.0	19	0.95	0.0	0.0	1	0.05
23830	洋槐蜜	162348.04549999998	1e-05	33	3e-05	11307.8	0.06965	13	0.39394	151040.2455	0.93035	20	0.60606
22150	宜红	159071.823	1e-05	74	6e-05	157979.823	0.99314	70	0.94595	1092.0	0.00686	4	0.05405
21460	培根	155435.8048	1e-05	56	5e-05	146987.21480000002	0.94565	47	0.83929	8448.59	0.05435	9	0.16071
22436	高粱	153906.2781	1e-05	99	8e-05	139689.7331	0.90763	88	0.88889	14216.545	0.09237	11	0.11111
22151	宁红	143733.31639999995	1e-05	70	6e-05	120594.81639999998	0.83902	63	0.9	23138.5	0.16098	7	0.1
17883	奶片/奶酪	135285.14	1e-05	1	0.0	135285.14	1.0	1	1.0	0	0.0	0	0
23831	百花蜜	120200.7556	1e-05	95	8e-05	11616.075	0.09664	27	0.28421	108584.68060000002	0.90336	68	0.71579
17901	牛肉串/牛肉馅	110642.46229999998	1e-05	37	3e-05	79706.4143	0.7204	16	0.43243	30936.048000000003	0.2796	21	0.56757
22443	驼奶粉	107101.018	1e-05	15	1e-05	107101.018	1.0	12	0.8	0.0	0.0	3	0.2
22438	芸豆	99484.15560000003	1e-05	73	6e-05	92789.25060000003	0.9327	67	0.91781	6694.905	0.0673	6	0.08219
22428	酸角/甜角	96248.21659999999	1e-05	93	8e-05	79777.908	0.82888	82	0.88172	16470.3086	0.17112	11	0.11828
21976	补气养血类	92740.70910000001	1e-05	19	2e-05	0	0.0	0	0	92740.70910000001	1.0	19	1.0
22439	红米	71303.12460000001	0.0	41	3e-05	67648.36060000001	0.94874	36	0.87805	3654.764	0.05126	5	0.12195
17896	牛腩	66512.584	0.0	35	3e-05	60361.32400000001	0.90752	22	0.62857	6151.26	0.09248	13	0.37143
17882	鱼肠/肉肠	49054.899999999994	0.0	26	2e-05	48316.49999999999	0.98495	24	0.92308	738.4	0.01505	2	0.07692
22441	青稞	42148.72	0.0	18	1e-05	41919.72	0.99457	17	0.94444	229.0	0.00543	1	0.05556
23829	椴树蜜	39615.9033	0.0	37	3e-05	17523.7881	0.44234	21	0.56757	22092.1152	0.55766	16	0.43243
21448	即炖/即泡燕窝	35548.934	0.0	6	0.0	35548.934	1.0	6	1.0	0	0.0	0	0
17908	培根	34264.9325	0.0	15	1e-05	25457.0	0.74295	8	0.53333	8807.9325	0.25705	7	0.46667
17597	眼部按摩器	26920.4845	0.0	5	0.0	0	0.0	0	0	26920.4845	1.0	5	1.0
22437	小麦仁	25413.2973	0.0	50	4e-05	25413.2973	1.0	50	1.0	0	0.0	0	0
22331	膨化谷物	18453.4904	0.0	24	2e-05	18441.6904	0.99936	19	0.79167	11.8	0.00064	5	0.20833
17927	鹿茸枝	10374.0	0.0	2	0.0	0	0.0	0	0	10374.0	1.0	2	1.0
22431	樱桃干/车厘子干	7862.781000000001	0.0	7	1e-05	7862.781000000001	1.0	7	1.0	0	0.0	0	0
17881	米饼/泡芙	6657.56	0.0	3	0.0	6657.56	1.0	3	1.0	0	0.0	0	0
21446	常温即食	5596.3994	0.0	11	1e-05	5402.3994	0.96533	8	0.72727	194.0	0.03467	3	0.27273
17909	火腿	5588.8198	0.0	21	2e-05	4364.0198	0.78085	18	0.85714	1224.8	0.21915	3	0.14286
17886	海苔	5421.0625	0.0	8	1e-05	5421.0625	1.0	8	1.0	0	0.0	0	0
17928	其它鹿类滋补品	1568.0	0.0	3	0.0	1568.0	1.0	3	1.0	0	0.0	0	0
17889	溶豆/小馒头	1370.3419	0.0	7	1e-05	1370.3419	1.0	7	1.0	0	0.0	0	0
21447	鲜炖燕窝	956.96	0.0	4	0.0	848.0	0.88614	2	0.5	108.96000000000001	0.11386	2	0.5
21449	干燕窝	777.2414	0.0	2	0.0	777.2414	1.0	1	0.5	0.0	0.0	1	0.5
23742	紫米	151.5133	0.0	1	0.0	0	0.0	0	0	151.5133	1.0	1	1.0
17601	腰部按摩器	44.8	0.0	1	0.0	0	0.0	0	0	44.8	1.0	1	1.0
22003	汽车内饰清洁剂	0.0	0.0	1	0.0	0	0	0	0	0.0	0	1	1.0
17834	宝宝洗衣液	0.0	0.0	1	0.0	0	0	0	0	0.0	0	1	1.0
21982	叶酸营养	0.0	0.0	1	0.0	0	0	0	0	0.0	0	1	1.0