17743	坚果礼盒	931331624.0054995	0.04737	4727	0.00393	891591285.4015999	0.95733	4194	0.88724	39740338.60389998	0.04267	533	0.11276
17732	零食大礼包	820558751.2448986	0.04173	13884	0.01155	765944464.5841998	0.93344	12543	0.90341	54614286.660699986	0.06656	1341	0.09659
17715	饼干	769903630.4430869	0.03916	44767	0.03723	662243155.7385908	0.86016	42718	0.95423	107660474.7045	0.13984	2049	0.04577
17714	中式糕点	623990459.3608955	0.03173	56162	0.0467	590292962.0873971	0.946	53276	0.94861	33697497.273499966	0.054	2886	0.05139
17729	其它休闲零食	566126572.0722942	0.02879	58746	0.04885	532559259.46259725	0.94071	53894	0.91741	33567312.60970004	0.05929	4852	0.08259
17798	全脂纯牛奶	533071193.59070003	0.02711	7486	0.00623	527257186.41630024	0.98909	7217	0.96407	5814007.1744	0.01091	269	0.03593
17720	鸡鸭零食	483077460.196398	0.02457	18991	0.01579	458463780.6173983	0.94905	18103	0.95324	24613679.578999996	0.05095	888	0.04676
17713	西式糕点	479310647.15779793	0.02438	26586	0.02211	465234261.7713984	0.97063	24813	0.93331	14076385.386399994	0.02937	1773	0.06669
17693	方便面	397397706.24279916	0.02021	25969	0.0216	389279737.8467001	0.97957	25180	0.96962	8117968.3961000005	0.02043	789	0.03038
22145	金骏眉	392373710.3570002	0.01996	4651	0.00387	388237162.1457003	0.98946	4390	0.94388	4136548.2113000005	0.01054	261	0.05612
17752	枣	336920882.642901	0.01714	15132	0.01258	315617833.55390066	0.93677	14148	0.93497	21303049.089000005	0.06323	984	0.06503
17744	每日坚果	312565214.6291003	0.0159	4193	0.00349	306305686.8322005	0.97997	4012	0.95683	6259527.7969	0.02003	181	0.04317
17722	牛肉类	275839479.019001	0.01403	12945	0.01077	273445781.23840076	0.99132	12420	0.95944	2393697.7806000006	0.00868	525	0.04056
17807	其它冲饮	272995272.94800293	0.01388	24184	0.02011	239408930.2894019	0.87697	18772	0.77622	33586342.65860005	0.12303	5412	0.22378
17712	巧克力	268468427.682401	0.01365	12309	0.01024	265315515.1974011	0.98826	11703	0.95077	3152912.484999998	0.01174	606	0.04923
17748	瓜子	260777028.63290048	0.01326	9494	0.0079	256328291.44720027	0.98294	8893	0.9367	4448737.185700001	0.01706	601	0.0633
17629	饼干	252770984.31180233	0.01286	16603	0.01381	229426675.74230215	0.90765	15884	0.95669	23344308.569500003	0.09235	719	0.04331
17716	面包	233011631.9653012	0.01185	12047	0.01002	228591232.56260097	0.98103	11462	0.95144	4420399.402699999	0.01897	585	0.04856
17809	速溶咖啡	217914164.53160116	0.01108	8621	0.00717	210499850.51870087	0.96598	8035	0.93203	7414314.0129	0.03402	586	0.06797
17797	酸奶	205457541.19080037	0.01045	6085	0.00506	197966909.57440025	0.96354	5576	0.91635	7490631.616400011	0.03646	509	0.08365
17805	纯麦片	198049462.378401	0.01007	11479	0.00955	191044922.81460086	0.96463	11124	0.96907	7004539.5638	0.03537	355	0.03093
17738	松子	193023053.93829992	0.00982	1942	0.00161	171880156.00900006	0.89046	1740	0.89598	21142897.929300003	0.10954	202	0.10402
17696	方便火锅	187046110.39660004	0.00951	6126	0.00509	176987205.01559982	0.94622	5952	0.9716	10058905.381	0.05378	174	0.0284
22136	熟普	185081354.46909955	0.00941	11909	0.0099	183045343.16449952	0.989	11229	0.9429	2036011.304600001	0.011	680	0.0571
17692	其它烘焙原料	171582458.22280058	0.00873	18458	0.01535	164020243.0518006	0.95593	17578	0.95232	7562215.171000003	0.04407	880	0.04768
17718	猪肉类	169317136.8654999	0.00861	6331	0.00526	167717182.98799986	0.99055	6008	0.94898	1599953.8774999995	0.00945	323	0.05102
22344	稻花香米	166852916.46260017	0.00849	3375	0.00281	163978442.5513002	0.98277	3039	0.90044	2874473.9113000003	0.01723	336	0.09956
18596	其它糖果	166722037.9033004	0.00848	12623	0.0105	157156682.75950024	0.94263	11554	0.91531	9565355.143799998	0.05737	1069	0.08469
21381	火锅底料	166415734.16520026	0.00846	11889	0.00989	157930684.56060025	0.94901	11516	0.96863	8485049.604600001	0.05099	373	0.03137
17730	豆干制品	164122989.24420023	0.00835	18281	0.0152	158101685.53900006	0.96331	17581	0.96171	6021303.705199999	0.03669	700	0.03829
17727	鸡鸭熟食	163208670.4175999	0.0083	3865	0.00321	150188482.63379997	0.92022	3579	0.926	13020187.783799998	0.07978	286	0.074
17631	糖果	161829399.7592998	0.00823	11024	0.00917	148976700.7813996	0.92058	10086	0.91491	12852698.9779	0.07942	938	0.08509
17740	核桃	160871688.45180038	0.00818	4299	0.00358	156234201.66920036	0.97117	3962	0.92161	4637486.7826	0.02883	337	0.07839
17632	巧克力	154648191.34160015	0.00787	7634	0.00635	149698898.62369996	0.968	7188	0.94158	4949292.7179000005	0.032	446	0.05842
18600	其它蜜饯果干	146905391.97030017	0.00747	10764	0.00895	141269176.57380006	0.96163	9746	0.90543	5636215.396500005	0.03837	1018	0.09457
17793	蛋白质饮料	142930305.99940002	0.00727	2616	0.00218	124043075.64399989	0.86786	2445	0.93463	18887230.355400007	0.13214	171	0.06537
17736	开心果	142808892.99560001	0.00726	1545	0.00128	142646092.7612	0.99886	1463	0.94693	162800.23440000004	0.00114	82	0.05307
18595	其它方便食品	139523384.02010056	0.0071	13588	0.0113	133715081.46580045	0.95837	12232	0.90021	5808302.554299996	0.04163	1356	0.09979
17735	夏威夷果	138811860.48690003	0.00706	1701	0.00141	138450396.81940004	0.9974	1618	0.95121	361463.6675	0.0026	83	0.04879
22153	大红袍	133647366.59809972	0.0068	4394	0.00365	132513424.81099974	0.99152	4128	0.93946	1133941.7871000003	0.00848	266	0.06054
21383	其他酱料	127900488.71999942	0.0065	30560	0.02541	124500159.46259944	0.97341	29485	0.96482	3400329.2573999935	0.02659	1075	0.03518
21782	膨化食品	126876878.25509983	0.00645	8258	0.00687	106607776.27049975	0.84025	7741	0.93739	20269101.9846	0.15975	517	0.06261
17812	奶茶	123694480.01039973	0.00629	9303	0.00774	114286908.86129981	0.92395	8768	0.94249	9407571.149100004	0.07605	535	0.05751
21389	其他调味料	119933565.28559978	0.0061	24229	0.02015	106998151.97479957	0.89215	22493	0.92835	12935413.310800008	0.10785	1736	0.07165
17734	奶酪	119897727.92300029	0.0061	3071	0.00255	114945209.6489003	0.95869	2935	0.95571	4952518.2741	0.04131	136	0.04429
17723	即食海味	117829754.8823003	0.00599	10712	0.00891	113661823.89520025	0.96463	10254	0.95724	4167930.9871	0.03537	458	0.04276
22146	正山小种	116962287.77139996	0.00595	3428	0.00285	115192831.84379996	0.98487	3162	0.9224	1769455.9276000005	0.01513	266	0.0776
17695	罐头	116744415.04339987	0.00594	9649	0.00802	105823685.92249984	0.90646	9048	0.93771	10920729.120900001	0.09354	601	0.06229
17737	腰果	115973509.93499996	0.0059	2260	0.00188	113643855.4183	0.97991	2165	0.95796	2329654.516699999	0.02009	95	0.04204
17789	果蔬汁/饮料	113871441.5698996	0.00579	9080	0.00755	91017239.00319962	0.7993	8263	0.91002	22854202.5667	0.2007	817	0.08998
21379	榨菜/酱腌菜	106587037.98269956	0.00542	21772	0.01811	101860492.96579953	0.95566	20924	0.96105	4726545.0168999955	0.04434	848	0.03895
17677	花生油	105567970.60539998	0.00537	1858	0.00155	105162211.59559998	0.99616	1757	0.94564	405759.0098	0.00384	101	0.05436
17697	方便米饭	104163500.83630012	0.0053	4564	0.0038	96532158.01920013	0.92674	4305	0.94325	7631342.8171	0.07326	259	0.05675
17906	其它传统滋补	101891475.06389934	0.00518	11575	0.00963	82651396.00969931	0.81117	9010	0.7784	19240079.054200042	0.18883	2565	0.2216
22158	其他乌龙茶	97077288.9217002	0.00494	5500	0.00457	94456791.47750019	0.97301	4995	0.90818	2620497.4442000003	0.02699	505	0.09182
17628	全脂纯牛奶	95235772.3156001	0.00484	2142	0.00178	94581695.87270008	0.99313	2082	0.97199	654076.4429000001	0.00687	60	0.02801
17694	米粉/米线	94369332.51319976	0.0048	10809	0.00899	92191230.58919978	0.97692	10336	0.95624	2178101.924	0.02308	473	0.04376
18601	其它乳品/制品	90215018.05389993	0.00459	1918	0.0016	88909677.54129991	0.98553	1788	0.93222	1305340.5126	0.01447	130	0.06778
17739	杏仁/巴旦木	90012936.72919986	0.00458	1624	0.00135	82878006.78599985	0.92073	1504	0.92611	7134929.943200001	0.07927	120	0.07389
17767	芒果干	89829824.01040027	0.00457	3006	0.0025	89274200.43750027	0.99381	2900	0.96474	555623.5729000001	0.00619	106	0.03526
17674	挂面	88160734.92720045	0.00448	9435	0.00785	85527977.46170019	0.97014	8926	0.94605	2632757.465499999	0.02986	509	0.05395
18597	其它肉干肉脯	87526938.06960002	0.00445	3465	0.00288	44060627.0833	0.5034	3219	0.929	43466310.986299984	0.4966	246	0.071
17749	花生	84908961.8778999	0.00432	7189	0.00598	82831653.26539995	0.97553	6589	0.91654	2077308.6125000014	0.02447	600	0.08346
22135	生普	82619212.01650009	0.0042	10433	0.00868	75620141.88910009	0.91529	9338	0.89504	6999070.127400001	0.08471	1095	0.10496
17655	方便面/粉	81654136.52260002	0.00415	7388	0.00614	80360886.4644	0.98416	7128	0.96481	1293250.0582	0.01584	260	0.03519
17670	其它杂粮	79817354.56049982	0.00406	10828	0.009	72592787.02579983	0.90949	9942	0.91818	7224567.534700005	0.09051	886	0.08182
17796	乳酸菌乳品	79626730.0676	0.00405	2163	0.0018	78980390.49750002	0.99188	2097	0.96949	646339.5701	0.00812	66	0.03051
17679	调和油	78929760.16760002	0.00401	2162	0.0018	78681470.11410001	0.99685	2094	0.96855	248290.05350000007	0.00315	68	0.03145
18599	其它坚果炒货	77925270.37920009	0.00396	3335	0.00277	69547095.34499998	0.89248	2893	0.86747	8378175.0342000015	0.10752	442	0.13253
17787	碳酸饮料	77811525.29199982	0.00396	4250	0.00353	74674236.02659982	0.95968	3985	0.93765	3137289.2654000004	0.04032	265	0.06235
17746	长寿果/碧根果	77114587.0246	0.00392	1578	0.00131	75945879.04530002	0.98484	1503	0.95247	1168707.9793000002	0.01516	75	0.04753
22265	速溶咖啡	76854725.61029992	0.00391	5849	0.00486	75802183.79739985	0.9863	5648	0.96564	1052541.8128999998	0.0137	201	0.03436
21373	酱油	76298717.63990007	0.00388	6891	0.00573	72360303.34199995	0.94838	6380	0.92585	3938414.2979000015	0.05162	511	0.07415
17726	酱卤肉	73860474.79620004	0.00376	3178	0.00264	48540406.46540001	0.65719	2857	0.89899	25320068.330800008	0.34281	321	0.10101
17780	混合蔬果干	73711694.57719983	0.00375	3596	0.00299	72553374.45939985	0.98429	3418	0.9505	1158320.1178000001	0.01571	178	0.0495
17634	膨化食品	71197954.72259986	0.00362	7385	0.00614	67035821.8357998	0.94154	6708	0.90833	4162132.8867999963	0.05846	677	0.09167
17794	茶饮料	67268894.48679978	0.00342	4554	0.00379	59813778.791499875	0.88917	3829	0.8408	7455115.695299998	0.11083	725	0.1592
17709	酥糖	66986248.22749995	0.00341	2757	0.00229	64963969.28879995	0.96981	2652	0.96192	2022278.9386999998	0.03019	105	0.03808
17630	糕点	66887602.52959987	0.0034	5136	0.00427	65673039.03659985	0.98184	4835	0.94139	1214563.493	0.01816	301	0.05861
17676	玉米油	65854564.3292999	0.00335	1339	0.00111	64928558.0412999	0.98594	1289	0.96266	926006.288	0.01406	50	0.03734
22144	其他绿茶	64675866.93429983	0.00329	7400	0.00615	57134530.410099976	0.8834	6347	0.8577	7541336.524199999	0.1166	1053	0.1423
17681	菜籽油	62423764.01069995	0.00317	1818	0.00151	61624026.02419995	0.98719	1729	0.95105	799737.9865	0.01281	89	0.04895
17675	小麦面粉	60220417.001299806	0.00306	8530	0.00709	58619270.39599983	0.97341	8262	0.96858	1601146.6053	0.02659	268	0.03142
17731	果冻/布丁	58709109.64919986	0.00299	5410	0.0045	51939540.835799865	0.88469	4899	0.90555	6769568.813400001	0.11531	511	0.09445
21385	复合调味料	58001869.016099684	0.00295	15722	0.01307	54495139.18139974	0.93954	14919	0.94893	3506729.834699998	0.06046	803	0.05107
17637	坚果炒货	57098848.58589994	0.0029	1675	0.00139	54969195.61969993	0.9627	1527	0.91164	2129652.9661999987	0.0373	148	0.08836
22343	长粒香米	57073471.11929997	0.0029	2403	0.002	54117145.330399945	0.9482	2116	0.88057	2956325.7888999996	0.0518	287	0.11943
17705	水果硬糖	55803350.58099999	0.00284	5090	0.00423	54765799.73659999	0.98141	4814	0.94578	1037550.8444000001	0.01859	276	0.05422
17761	葡萄干	55052413.57740007	0.0028	2801	0.00233	25297209.345299978	0.45951	2551	0.91075	29755204.232099995	0.54049	250	0.08925
17766	梅子干	54609435.87600005	0.00278	5492	0.00457	52617693.3141	0.96353	5057	0.92079	1991742.5618999987	0.03647	435	0.07921
17760	山楂干	54495292.36929994	0.00277	4376	0.00364	52682970.21719996	0.96674	4111	0.93944	1812322.1521000005	0.03326	265	0.06056
17680	葵花籽油	53817644.309300005	0.00274	909	0.00076	49831961.99749998	0.92594	870	0.9571	3985682.3118	0.07406	39	0.0429
18598	其它熟食腊味	53805432.78510002	0.00274	2995	0.00249	52367925.2642	0.97328	2657	0.88715	1437507.5209000004	0.02672	338	0.11285
17706	奶糖	53111733.871800035	0.0027	3577	0.00297	52806584.45400003	0.99425	3425	0.95751	305149.41779999994	0.00575	152	0.04249
21390	食糖	50705848.9000998	0.00258	7155	0.00595	49478590.8352998	0.9758	6563	0.91726	1227258.0647999996	0.0242	592	0.08274
17683	橄榄油	50067154.55759995	0.00255	1274	0.00106	49919508.37239995	0.99705	1232	0.96703	147646.18519999998	0.00295	42	0.03297
17795	苏打水	49351849.586299986	0.00251	1694	0.00141	46173162.80139998	0.93559	1613	0.95218	3178686.7849	0.06441	81	0.04782
17758	红薯条/干	48310867.29399993	0.00246	4894	0.00407	44117627.69089991	0.9132	4436	0.90642	4193239.603099997	0.0868	458	0.09358
17799	芝麻糊	45970455.38549999	0.00234	2131	0.00177	45530855.35799999	0.99044	2010	0.94322	439600.0274999999	0.00956	121	0.05678
20072	海苔	44117372.61319996	0.00224	2631	0.00219	43648778.76469998	0.98938	2442	0.92816	468593.8485	0.01062	189	0.07184
17657	米	43452759.48209992	0.00221	2150	0.00179	41907964.77219992	0.96445	1925	0.89535	1544794.7099000006	0.03555	225	0.10465
22164	白牡丹	43378618.31419999	0.00221	1680	0.0014	42618871.477599986	0.98249	1488	0.88571	759746.8366000004	0.01751	192	0.11429
17810	咖啡豆	42807729.556299984	0.00218	5383	0.00448	40694245.62249999	0.95063	4927	0.91529	2113483.9337999998	0.04937	456	0.08471
20074	混合五谷粉	42633404.009799995	0.00217	1960	0.00163	38644809.09549996	0.90644	1784	0.9102	3988594.9143000008	0.09356	176	0.0898
17704	棒棒糖	42394417.24639991	0.00216	4989	0.00415	41841301.96069991	0.98695	4823	0.96673	553115.2857	0.01305	166	0.03327
17784	饮用天然水	41445934.47789994	0.00211	1545	0.00128	41143085.73709994	0.99269	1504	0.97346	302848.74079999997	0.00731	41	0.02654
17660	调味品	40334103.06120002	0.00205	11004	0.00915	37914717.62860009	0.94002	10290	0.93511	2419385.4326000004	0.05998	714	0.06489
22119	低脂纯牛奶	38988902.218299985	0.00198	242	0.0002	38942309.41829998	0.9988	235	0.97107	46592.8	0.0012	7	0.02893
22348	其它米	38930648.27509993	0.00198	2646	0.0022	34672986.92960001	0.89063	2310	0.87302	4257661.345499997	0.10937	336	0.12698
22342	珍珠米	37611963.15219999	0.00191	1639	0.00136	37009813.72720002	0.98399	1519	0.92678	602149.425	0.01601	120	0.07322
17745	板栗	37507531.0212	0.00191	1614	0.00134	23290251.172200024	0.62095	1441	0.89281	14217279.849	0.37905	173	0.10719
17708	棉花糖	37116044.485299975	0.00189	1536	0.00128	37061167.400299974	0.99852	1498	0.97526	54877.08499999999	0.00148	38	0.02474
17710	橡皮糖	36768608.3197	0.00187	3620	0.00301	35580450.43749999	0.96769	3445	0.95166	1188157.8822000003	0.03231	175	0.04834
17801	藕粉	36636482.54019986	0.00186	1939	0.00161	36191137.10699988	0.98784	1803	0.92986	445345.43319999997	0.01216	136	0.07014
17804	豆浆	36388584.941400014	0.00185	2635	0.00219	34619255.95590001	0.95138	2469	0.937	1769328.9854999997	0.04862	166	0.063
22324	水果麦片	35782218.75399998	0.00182	1201	0.001	35532786.282699965	0.99303	1171	0.97502	249432.4713	0.00697	30	0.02498
23883	其他干货	35268887.6159	0.00179	6109	0.00508	28976794.620299973	0.8216	4806	0.78671	6292092.9955999935	0.1784	1303	0.21329
17650	茶饮	34684235.1521	0.00176	6803	0.00566	24705944.6603	0.71231	4680	0.68793	9978290.491800003	0.28769	2123	0.31207
21384	香辛料	34661418.11920001	0.00176	8409	0.00699	33438238.011300012	0.96471	7661	0.91105	1223180.1079000006	0.03529	748	0.08895
17687	奶油	34117297.04469995	0.00174	2229	0.00185	33993038.56099995	0.99636	2198	0.98609	124258.48370000003	0.00364	31	0.01391
22152	其他红茶	33257362.9677	0.00169	4141	0.00344	30061683.132099982	0.90391	3632	0.87708	3195679.835600001	0.09609	509	0.12292
17707	牛轧糖	32348678.043000024	0.00165	2125	0.00177	32219226.310800035	0.996	2057	0.968	129451.7322	0.004	68	0.032
22118	脱脂纯牛奶	30727544.0797	0.00156	214	0.00018	30725216.879699998	0.99992	206	0.96262	2327.2	8e-05	8	0.03738
22141	安吉白茶	30723801.3898	0.00156	1757	0.00146	30445914.444200005	0.99096	1644	0.93569	277886.9456	0.00904	113	0.06431
17786	乳酸菌饮料	29639897.87209999	0.00151	1631	0.00136	27444011.996999994	0.92591	1549	0.94972	2195885.8751	0.07409	82	0.05028
17678	大豆油	29560588.229400024	0.0015	1116	0.00093	28504074.7239	0.96426	1063	0.95251	1056513.5055	0.03574	53	0.04749
22138	碧螺春	29421951.138699993	0.0015	1864	0.00155	29203427.382599987	0.99257	1780	0.95494	218523.7561	0.00743	84	0.04506
22140	毛尖	29143532.895599987	0.00148	2105	0.00175	28665941.957499996	0.98361	1932	0.91781	477590.93809999997	0.01639	173	0.08219
17689	黄油	28553423.91130005	0.00145	1905	0.00158	28408045.383500047	0.99491	1869	0.9811	145378.52779999998	0.00509	36	0.0189
22120	风味奶	28492820.981600005	0.00145	1265	0.00105	26455121.8106	0.92848	1191	0.9415	2037699.171	0.07152	74	0.0585
17775	陈皮	28340949.68589999	0.00144	1849	0.00154	27270447.74639999	0.96223	1692	0.91509	1070501.9395000003	0.03777	157	0.08491
17652	橄榄油	27494672.172600005	0.0014	1432	0.00119	27466373.2246	0.99897	1405	0.98115	28298.947999999997	0.00103	27	0.01885
17783	矿泉水	26943375.2761	0.00137	2057	0.00171	25258495.072300002	0.93747	2003	0.97375	1684880.2037999998	0.06253	54	0.02625
17662	小米	26802211.116799984	0.00136	3086	0.00257	20733082.956299994	0.77356	2877	0.93227	6069128.160499998	0.22644	209	0.06773
21382	火锅蘸料	26790578.789199978	0.00136	3499	0.00291	26674446.99229998	0.99567	3446	0.98485	116131.79689999997	0.00433	53	0.01515
22171	辣椒酱	26648620.005899966	0.00136	3719	0.00309	26510657.45269997	0.99482	3609	0.97042	137962.5532	0.00518	110	0.02958
17791	即饮咖啡	26586562.317200005	0.00135	1362	0.00113	14070923.543399995	0.52925	1142	0.83847	12515638.7738	0.47075	220	0.16153
22170	烘焙原料套装	26353134.5262	0.00134	356	0.0003	26067100.286199998	0.98915	347	0.97472	286034.24	0.01085	9	0.02528
17685	其它油	26318344.634800036	0.00134	2483	0.00206	24915769.355900016	0.94671	2269	0.91381	1402575.2789	0.05329	214	0.08619
22347	泰国香米	26030176.940100003	0.00132	663	0.00055	25796247.5835	0.99101	617	0.93062	233929.3566	0.00899	46	0.06938
22268	胶囊咖啡	25938380.676199965	0.00132	974	0.00081	25487684.364899967	0.98262	881	0.90452	450696.31129999994	0.01738	93	0.09548
17698	速食粥	25860968.473800022	0.00132	2046	0.0017	25482724.31360002	0.98537	1949	0.95259	378244.16019999987	0.01463	97	0.04741
22147	滇红	25578678.951400027	0.0013	2498	0.00208	25081300.941900015	0.98055	2323	0.92994	497378.0094999999	0.01945	175	0.07006
17742	桃仁	25320027.233300008	0.00129	757	0.00063	24897092.249900006	0.9833	689	0.91017	422934.98339999997	0.0167	68	0.08983
17792	功能饮料	25276993.558400005	0.00129	2202	0.00183	22223319.640400004	0.87919	1845	0.83787	3053673.9179999973	0.12081	357	0.16213
21376	醋	24882666.694200005	0.00127	6957	0.00579	22798190.339799978	0.91623	6471	0.93014	2084476.3544000008	0.08377	486	0.06986
22264	咖啡粉	24136361.306199994	0.00123	1065	0.00089	24036594.752899993	0.99587	1017	0.95493	99766.5533	0.00413	48	0.04507
17635	蜜饯果干	24125105.81149999	0.00123	2584	0.00215	17605192.620000012	0.72975	2019	0.78135	6519913.191500001	0.27025	565	0.21865
17642	果蔬汁/饮料	23964867.413200036	0.00122	3004	0.0025	22411308.46730003	0.93517	2798	0.93142	1553558.9459000004	0.06483	206	0.06858
17699	速食汤	23748840.338299967	0.00121	3139	0.00261	20479974.273299962	0.86236	2945	0.9382	3268866.0649999995	0.13764	194	0.0618
23874	木耳	22900990.67649999	0.00116	1695	0.00141	22517496.8129	0.98325	1551	0.91504	383493.86360000004	0.01675	144	0.08496
17750	蚕豆/兰花豆	22532824.156600006	0.00115	3170	0.00264	21873087.2226	0.97072	3033	0.95678	659736.9340000001	0.02928	137	0.04322
17782	纯净水	21832601.013100024	0.00111	754	0.00063	21794185.019700024	0.99824	734	0.97347	38415.9934	0.00176	20	0.02653
17776	草莓干	21462405.091499988	0.00109	1333	0.00111	21418751.860499986	0.99797	1298	0.97374	43653.23100000001	0.00203	35	0.02626
21462	酱卤制品	21041557.169799984	0.00107	866	0.00072	17349096.018799998	0.82452	712	0.82217	3692461.151000001	0.17548	154	0.17783
17649	纯麦片	20798484.978299998	0.00106	2591	0.00215	20369533.841599986	0.97938	2440	0.94172	428951.13669999986	0.02062	151	0.05828
17686	烘焙粉	19564622.390100095	0.001	5577	0.00464	19299834.229500115	0.98647	5400	0.96826	264788.16060000006	0.01353	177	0.03174
17658	意面/挂面	18836726.62800002	0.00096	2870	0.00239	18704647.85640002	0.99299	2756	0.96028	132078.77159999998	0.00701	114	0.03972
22169	烘焙半成品	18530968.8071	0.00094	595	0.00049	18414311.5289	0.9937	568	0.95462	116657.2782	0.0063	27	0.04538
17724	腊肠	18362608.736	0.00093	828	0.00069	18216129.552500002	0.99202	739	0.89251	146479.18349999998	0.00798	89	0.10749
20073	薄荷糖	18353840.4129	0.00093	1754	0.00146	17877086.588400006	0.97402	1608	0.91676	476753.8245	0.02598	146	0.08324
17733	奶片	18114681.738899995	0.00092	1596	0.00133	17856179.7473	0.98573	1520	0.95238	258501.99159999998	0.01427	76	0.04762
17790	凉茶	18024916.82200001	0.00092	1837	0.00153	16524343.827100031	0.91675	1276	0.69461	1500572.9949	0.08325	561	0.30539
17721	兔肉零食	17627737.71250001	0.0009	961	0.0008	17108837.30290001	0.97056	913	0.95005	518900.4096	0.02944	48	0.04995
17703	口香糖	17479941.21180004	0.00089	2505	0.00208	15431665.764800033	0.88282	2325	0.92814	2048275.4470000006	0.11718	180	0.07186
22113	脱脂纯牛奶	17380864.943999995	0.00088	319	0.00027	17372915.943999995	0.99954	304	0.95298	7949.0	0.00046	15	0.04702
17902	其他牛肉	16987697.3155	0.00086	627	0.00052	9162246.6941	0.53935	328	0.52313	7825450.621399999	0.46065	299	0.47687
17691	烘焙馅料	16904456.646300025	0.00086	2660	0.00221	16472470.376700025	0.97445	2559	0.96203	431986.26959999994	0.02555	101	0.03797
17682	山茶油	16614243.975199997	0.00084	1254	0.00104	16432921.200100001	0.98909	1146	0.91388	181322.77510000006	0.01091	108	0.08612
17656	其它速食	16394337.377600003	0.00083	2256	0.00188	15471945.5209	0.94374	2049	0.90824	922391.8567000001	0.05626	207	0.09176
17747	巴旦木	16388321.695500009	0.00083	800	0.00067	15714514.34400001	0.95888	750	0.9375	673807.3515	0.04112	50	0.0625
22139	毛峰	15701859.287799994	0.0008	1649	0.00137	15477678.320899993	0.98572	1586	0.9618	224180.96689999997	0.01428	63	0.0382
17811	咖啡伴侣	15421132.685399996	0.00078	2610	0.00217	14028555.371199999	0.9097	2510	0.96169	1392577.3142000006	0.0903	100	0.03831
17647	麦卢卡蜜种	15276478.321400026	0.00078	1199	0.001	14713498.06890002	0.96315	991	0.82652	562980.2525	0.03685	208	0.17348
17633	海苔	15247531.876700003	0.00078	1806	0.0015	13824754.471500004	0.90669	1681	0.93079	1422777.4051999995	0.09331	125	0.06921
22165	寿眉	14779204.0452	0.00075	1383	0.00115	14531506.0677	0.98324	1265	0.91468	247697.97749999998	0.01676	118	0.08532
22142	雀舌	14771627.808299996	0.00075	813	0.00068	14685209.075199995	0.99415	769	0.94588	86418.7331	0.00585	44	0.05412
23869	桂圆	14531990.352200024	0.00074	1019	0.00085	12290538.977200024	0.84576	914	0.89696	2241451.374999999	0.15424	105	0.10304
17673	糙米	14419578.956999991	0.00073	1408	0.00117	14392928.256999994	0.99815	1374	0.97585	26650.7	0.00185	34	0.02415
17627	酸奶	14405986.677800005	0.00073	900	0.00075	14249018.882800004	0.9891	860	0.95556	156967.795	0.0109	40	0.04444
17894	牛排	14361780.385600002	0.00073	853	0.00071	1509249.3882999993	0.10509	156	0.18288	12852530.9973	0.89491	697	0.81712
22154	单枞	14178866.6903	0.00072	1192	0.00099	14086455.3491	0.99348	1099	0.92198	92411.34120000002	0.00652	93	0.07802
22422	山核桃	13991150.3352	0.00071	421	0.00035	13986411.562699998	0.99966	407	0.96675	4738.7725	0.00034	14	0.03325
17769	蔓越莓干	13868449.538200015	0.00071	910	0.00076	13593253.330700012	0.98016	860	0.94505	275196.2074999999	0.01984	50	0.05495
17684	亚麻油/火麻油	13831401.770900013	0.0007	1334	0.00111	13671395.91610001	0.98843	1263	0.94678	160005.85479999997	0.01157	71	0.05322
17711	润喉糖	13812177.069800006	0.0007	2126	0.00177	12588861.356399994	0.91143	1823	0.85748	1223315.7133999998	0.08857	303	0.14252
17638	肉干/鱼类	13610498.077000009	0.00069	1118	0.00093	13448909.890000012	0.98813	1038	0.92844	161588.187	0.01187	80	0.07156
22159	安化黑茶	13338382.920800013	0.00068	1898	0.00158	9732676.501799999	0.72967	1457	0.76765	3605706.4189999956	0.27033	441	0.23235
22155	肉桂	13178547.764	0.00067	1065	0.00089	12953286.7862	0.98291	938	0.88075	225260.97779999994	0.01709	127	0.11925
22346	油粘米	13121980.374099998	0.00067	287	0.00024	9954251.1701	0.75859	250	0.87108	3167729.2039999994	0.24141	37	0.12892
23868	枸杞/红枸杞	12875441.822300024	0.00065	2392	0.00199	12165304.382299999	0.94485	2088	0.87291	710137.4400000003	0.05515	304	0.12709
17751	豌豆/青豆	12541872.87940001	0.00064	1675	0.00139	11374052.290700007	0.90689	1580	0.94328	1167820.5887	0.09311	95	0.05672
17667	芝麻	12512231.749200016	0.00064	1291	0.00107	11658975.019400015	0.93181	1128	0.87374	853256.7298000001	0.06819	163	0.12626
22163	白毫银针	12076683.137700006	0.00061	959	0.0008	11772822.912300007	0.97484	868	0.90511	303860.2254	0.02516	91	0.09489
17659	烘焙原料	12014269.264300006	0.00061	1979	0.00165	10786141.631900005	0.89778	1864	0.94189	1228127.6324	0.10222	115	0.05811
17688	酵母	11991106.239600036	0.00061	1816	0.00151	11948847.807100035	0.99648	1764	0.97137	42258.4325	0.00352	52	0.02863
21378	鸡精/味精	11566516.683600003	0.00059	2242	0.00186	11157871.422900004	0.96467	2037	0.90856	408645.26070000004	0.03533	205	0.09144
17755	无花果干	11490896.7063	0.00058	963	0.0008	11268873.3921	0.98068	887	0.92108	222023.31420000002	0.01932	76	0.07892
21374	蚝油	11324706.481700016	0.00058	1070	0.00089	11099881.778500015	0.98015	1010	0.94393	224824.7032	0.01985	60	0.05607
17753	杏干	11003521.458999993	0.00056	1520	0.00126	9336300.941199992	0.84848	1378	0.90658	1667220.5178000007	0.15152	142	0.09342
22110	矿泉水	10856656.543400003	0.00055	1053	0.00088	7855199.6734	0.72354	1035	0.98291	3001456.8699999996	0.27646	18	0.01709
22148	祁红	10794126.994999994	0.00055	871	0.00072	10716639.956599995	0.99282	836	0.95982	77487.0384	0.00718	35	0.04018
23881	粉丝/粉条	10724849.10360001	0.00055	1216	0.00101	10207122.990800008	0.95173	1142	0.93914	517726.11280000006	0.04827	74	0.06086
22341	小町米	10550188.130700007	0.00054	364	0.0003	9518168.645700008	0.90218	322	0.88462	1032019.485	0.09782	42	0.11538
17645	咖啡/奶茶饮料	10438086.743900001	0.00053	832	0.00069	6998876.976400001	0.67051	764	0.91827	3439209.7675	0.32949	68	0.08173
23876	香菇	10337556.798399996	0.00053	1560	0.0013	9667311.8516	0.93516	1356	0.86923	670244.9468000002	0.06484	204	0.13077
17803	豆奶	10254516.716000007	0.00052	904	0.00075	10074989.246500006	0.98249	873	0.96571	179527.46949999998	0.01751	31	0.03429
22112	全脂纯牛奶	9809437.820200002	0.0005	124	0.0001	9792144.320200002	0.99824	116	0.93548	17293.5	0.00176	8	0.06452
22425	槟榔	9596780.386099996	0.00049	625	0.00052	6740245.252400001	0.70234	313	0.5008	2856535.1336999997	0.29766	312	0.4992
17671	黑米	9581231.741000004	0.00049	1054	0.00088	9504030.214800004	0.99194	1003	0.95161	77201.5262	0.00806	51	0.04839
21375	料酒	9243354.154400004	0.00047	1197	0.001	9043846.983600006	0.97842	1094	0.91395	199507.1708	0.02158	103	0.08605
17771	榴莲干	9229074.514599998	0.00047	487	0.0004	8422184.5246	0.91257	457	0.9384	806889.99	0.08743	30	0.0616
23875	银耳	9172384.589300007	0.00047	1108	0.00092	8973071.09520001	0.97827	1031	0.93051	199313.49409999992	0.02173	77	0.06949
17664	红豆	9142864.2304	0.00046	1701	0.00141	9030502.397299998	0.98771	1595	0.93768	112361.83310000003	0.01229	106	0.06232
22117	全脂纯牛奶	9089746.771100001	0.00046	119	0.0001	9089027.1711	0.99992	117	0.98319	719.6	8e-05	2	0.01681
23879	腐竹/豆油皮	9020587.203000015	0.00046	796	0.00066	8955655.353500016	0.9928	751	0.94347	64931.84949999999	0.0072	45	0.05653
17741	榛子	8981686.901399998	0.00046	598	0.0005	8647198.649499994	0.96276	542	0.90635	334488.2519000001	0.03724	56	0.09365
21388	咖喱	8605653.87280001	0.00044	1915	0.00159	8236993.758600001	0.95716	1853	0.96762	368660.11420000007	0.04284	62	0.03238
23827	其它蜜种	8575221.714699991	0.00044	932	0.00078	6775435.889799995	0.79012	751	0.80579	1799785.8249000008	0.20988	181	0.19421
22345	丝苗米	8306990.0238000015	0.00042	635	0.00053	8276110.556300003	0.99628	580	0.91339	30879.467499999995	0.00372	55	0.08661
17806	冲饮果汁	8120015.733000002	0.00041	1883	0.00157	7218795.889699996	0.88901	1697	0.90122	901219.8433000003	0.11099	186	0.09878
22174	番茄酱	8094744.8610999985	0.00041	879	0.00073	8079066.515599997	0.99806	861	0.97952	15678.345500000001	0.00194	18	0.02048
22321	其他煮食面	8047252.222499999	0.00041	515	0.00043	7996491.484899999	0.99369	491	0.9534	50760.73760000001	0.00631	24	0.0466
22162	其他黑茶	7998842.671700002	0.00041	779	0.00065	7688768.472500003	0.96124	667	0.85623	310074.1992	0.03876	112	0.14377
22263	咖啡豆	7985715.9723	0.00041	737	0.00061	7850426.5377	0.98306	670	0.90909	135289.4346	0.01694	67	0.09091
22167	其他白茶	7461771.568600003	0.00038	835	0.00069	6968660.640100003	0.93392	724	0.86707	493110.9285	0.06608	111	0.13293
17757	桃干	7335585.0940000005	0.00037	1070	0.00089	7291967.527000001	0.99405	1036	0.96822	43617.567	0.00595	34	0.03178
17646	成人奶粉	7263328.200400001	0.00037	140	0.00012	7161108.0167000005	0.98593	121	0.86429	102220.1837	0.01407	19	0.13571
22121	天然苏打水	7062629.120499999	0.00036	172	0.00014	7048617.920499999	0.99802	170	0.98837	14011.2	0.00198	2	0.01163
17668	燕麦	6784645.555599993	0.00035	1041	0.00087	6695777.739999996	0.9869	976	0.93756	88867.81559999999	0.0131	65	0.06244
17808	椰子粉	6655505.792799998	0.00034	764	0.00064	6283014.232799997	0.94403	739	0.96728	372491.56	0.05597	25	0.03272
22172	沙拉酱	6562867.051500007	0.00033	871	0.00072	6559693.262300006	0.99952	862	0.98967	3173.7892	0.00048	9	0.01033
17648	奶茶	6473006.861199997	0.00033	1059	0.00088	6308291.151199999	0.97455	988	0.93296	164715.70999999996	0.02545	71	0.06704
21380	腐乳	6465431.722599995	0.00033	2143	0.00178	5720275.459799993	0.88475	1940	0.90527	745156.2627999999	0.11525	203	0.09473
22111	气泡水	6430279.8619	0.00033	451	0.00038	6423331.9069	0.99892	439	0.97339	6947.955000000001	0.00108	12	0.02661
23882	菜干类	6415332.313800005	0.00033	1429	0.00119	6180286.039400003	0.96336	1229	0.86004	235046.2744	0.03664	200	0.13996
17654	其它油	6404665.107200009	0.00033	884	0.00074	5730143.223500007	0.89468	830	0.93891	674521.8837000001	0.10532	54	0.06109
23880	竹荪	6345561.570400005	0.00032	561	0.00047	4325934.805400001	0.68173	472	0.84135	2019626.7649999997	0.31827	89	0.15865
17700	火腿肠	6236509.372300006	0.00032	1116	0.00093	5899631.347300006	0.94598	974	0.87276	336878.025	0.05402	142	0.12724
17802	可可/巧克力饮品	6191142.729599999	0.00031	747	0.00062	5340033.935299996	0.86253	708	0.94779	851108.7943000001	0.13747	39	0.05221
17754	香蕉干	5698871.771999999	0.00029	734	0.00061	5047021.072	0.88562	700	0.95368	651850.7000000001	0.11438	34	0.04632
17702	卤蛋	5675834.750400001	0.00029	755	0.00063	5585506.340999999	0.98409	698	0.9245	90328.40939999997	0.01591	57	0.0755
17785	其它饮用水	5550546.172999999	0.00028	566	0.00047	4685450.977799999	0.84414	498	0.87986	865095.1952000001	0.15586	68	0.12014
21459	香肠	5359441.137500005	0.00027	380	0.00032	3941813.604200001	0.73549	287	0.75526	1417627.5333	0.26451	93	0.24474
21386	芝麻香油	5321437.348399995	0.00027	814	0.00068	5197939.835699996	0.97679	740	0.90909	123497.51269999999	0.02321	74	0.09091
22259	咖啡粉	4841145.106700001	0.00025	197	0.00016	4825579.234900001	0.99678	172	0.8731	15565.871799999999	0.00322	25	0.1269
17779	柠檬片	4838695.300999999	0.00025	942	0.00078	4781339.4255	0.98815	861	0.91401	57355.875499999995	0.01185	81	0.08599
22116	其他乳制品	4832635.354900002	0.00025	164	0.00014	4831925.554900001	0.99985	159	0.96951	709.8	0.00015	5	0.03049
21387	浓汤宝	4781496.541000006	0.00024	697	0.00058	4593512.506200005	0.96069	660	0.94692	187984.0348	0.03931	37	0.05308
23870	莲子	4744536.959299995	0.00024	899	0.00075	4498396.284199994	0.94812	777	0.86429	246140.6751	0.05188	122	0.13571
22176	代糖	4657698.221799999	0.00024	279	0.00023	4636358.031799999	0.99542	269	0.96416	21340.190000000002	0.00458	10	0.03584
17725	腊肉	4651063.131800001	0.00024	434	0.00036	4440699.2928	0.95477	361	0.8318	210363.839	0.04523	73	0.1682
22433	混合杂粮米	4570940.350099998	0.00023	477	0.0004	4477263.250099999	0.97951	463	0.97065	93677.1	0.02049	14	0.02935
22156	水仙	4476720.726199999	0.00023	460	0.00038	4390816.3352	0.98081	400	0.86957	85904.391	0.01919	60	0.13043
17672	糯米	4461277.167399996	0.00023	1300	0.00108	4419953.384799997	0.99074	1236	0.95077	41323.78260000001	0.00926	64	0.04923
22326	膨化谷物	4338577.0768	0.00022	135	0.00011	2551530.6767999995	0.5881	130	0.96296	1787046.4	0.4119	5	0.03704
22448	普洱生熟茶组合	4271263.9064	0.00022	321	0.00027	4225752.246199999	0.98934	278	0.86604	45511.6602	0.01066	43	0.13396
17900	罗布麻	4197838.7250999985	0.00021	463	0.00039	527374.1939000001	0.12563	162	0.34989	3670464.531199999	0.87437	301	0.65011
17719	羊肉类	4125214.9596000006	0.00021	326	0.00027	4071019.949600001	0.98686	310	0.95092	54195.01000000001	0.01314	16	0.04908
22432	藜麦	4088083.5260999976	0.00021	323	0.00027	4036450.359399998	0.98737	310	0.95975	51633.1667	0.01263	13	0.04025
22115	风味奶	4071474.2542000003	0.00021	140	0.00012	4068014.7559	0.99915	137	0.97857	3459.4983	0.00085	3	0.02143
17788	酸梅汤	4025799.7349999985	0.0002	951	0.00079	3880971.653899999	0.96403	856	0.90011	144828.08109999998	0.03597	95	0.09989
22143	猴魁	3935547.6881	0.0002	536	0.00045	3882636.178099999	0.98656	493	0.91978	52911.509999999995	0.01344	43	0.08022
23833	蜂蜜柚子茶	3908670.019599998	0.0002	865	0.00072	3770209.104199999	0.96458	774	0.8948	138460.91539999997	0.03542	91	0.1052
17728	火腿	3860804.4137999993	0.0002	480	0.0004	3378724.8901000004	0.87513	401	0.83542	482079.5237000001	0.12487	79	0.16458
22424	香榧子	3834038.0764999995	0.00019	134	0.00011	3793603.4564999994	0.98945	125	0.93284	40434.62	0.01055	9	0.06716
17636	果冻布丁	3811537.2547	0.00019	860	0.00072	2224942.0756000015	0.58374	752	0.87442	1586595.1790999994	0.41626	108	0.12558
22160	六堡茶	3788815.9600999984	0.00019	494	0.00041	2515329.7380999997	0.66388	414	0.83806	1273486.222	0.33612	80	0.16194
17661	黄豆	3760566.612099997	0.00019	1362	0.00113	3671071.102399997	0.9762	1289	0.9464	89495.50970000001	0.0238	73	0.0536
17639	碳酸饮料	3729317.057199998	0.00019	1436	0.00119	3692873.5021999977	0.99023	1378	0.95961	36443.555	0.00977	58	0.04039
17337	其他西点/蛋挞	3727295.1680999985	0.00019	177	0.00015	3712731.4480999983	0.99609	164	0.92655	14563.72	0.00391	13	0.07345
17651	五谷粉	3706398.8542	0.00019	641	0.00053	3334788.8956999998	0.89974	543	0.84711	371609.9585	0.10026	98	0.15289
17669	薏仁米	3591987.847499997	0.00018	1044	0.00087	3387327.045299997	0.94302	971	0.93008	204660.80220000006	0.05698	73	0.06992
22157	冻顶乌龙	3559340.8552999995	0.00018	341	0.00028	3407724.1481999997	0.9574	315	0.92375	151616.7071	0.0426	26	0.07625
22430	椰子片	3464851.674199999	0.00018	229	0.00019	3460862.826799999	0.99885	224	0.97817	3988.8474000000006	0.00115	5	0.02183
22166	贡眉	3458156.4220999996	0.00018	531	0.00044	3370315.534499999	0.9746	479	0.90207	87840.88760000002	0.0254	52	0.09793
22175	果酱	3336291.5949	0.00017	823	0.00068	2878553.6699	0.8628	781	0.94897	457737.92500000005	0.1372	42	0.05103
22149	英红	3311065.5956999995	0.00017	505	0.00042	3266160.7608999996	0.98644	478	0.94653	44904.8348	0.01356	27	0.05347
22114	低脂纯牛奶	3192580.7671999997	0.00016	162	0.00013	3192538.8671999997	0.99999	156	0.96296	41.9	1e-05	6	0.03704
17690	果冻/布丁粉	3156663.504299997	0.00016	1319	0.0011	3059592.789599998	0.96925	1285	0.97422	97070.71470000003	0.03075	34	0.02578
23871	百合	3114868.0244999966	0.00016	371	0.00031	2513266.3934999974	0.80686	253	0.68194	601601.631	0.19314	118	0.31806
22503	植物蛋白饮料	3112667.1795	0.00016	261	0.00022	2845349.4003999997	0.91412	240	0.91954	267317.7791	0.08588	21	0.08046
17666	花生	3053802.765099998	0.00016	728	0.00061	2986106.2305999985	0.97783	626	0.85989	67696.53450000002	0.02217	102	0.14011
17640	功能饮料	2959325.4503999986	0.00015	208	0.00017	2749366.909399999	0.92905	142	0.68269	209958.54100000003	0.07095	66	0.31731
21377	盐	2942320.0790000013	0.00015	381	0.00032	2904089.078400001	0.98701	329	0.86352	38231.0006	0.01299	52	0.13648
22137	瓜片	2817407.0223999983	0.00014	472	0.00039	2604931.9441999993	0.92458	387	0.81992	212475.07819999996	0.07542	85	0.18008
22267	挂耳咖啡	2774152.3982999995	0.00014	278	0.00023	2632863.8482999997	0.94907	261	0.93885	141288.55	0.05093	17	0.06115
21461	火腿	2772315.057300001	0.00014	197	0.00016	1174597.0872999998	0.42369	155	0.7868	1597717.9699999995	0.57631	42	0.2132
17701	年糕	2666890.241700001	0.00014	930	0.00077	2587971.251200002	0.97041	828	0.89032	78918.99050000001	0.02959	102	0.10968
22325	复合麦片	2579872.0911999997	0.00013	359	0.0003	2550778.611199999	0.98872	342	0.95265	29093.480000000003	0.01128	17	0.04735
22173	豆瓣酱	2473043.9935999964	0.00013	751	0.00062	2449530.9766999967	0.99049	724	0.96405	23513.0169	0.00951	27	0.03595
17897	牛腱子	2407539.8326	0.00012	71	6e-05	126274.5421	0.05245	27	0.38028	2281265.2904999997	0.94755	44	0.61972
23873	黑枸杞	2389741.0025999984	0.00012	296	0.00025	2035139.0579999988	0.85161	196	0.66216	354601.9445999998	0.14839	100	0.33784
17772	金桔干	2388815.8822999997	0.00012	374	0.00031	2366706.5853	0.99074	343	0.91711	22109.297	0.00926	31	0.08289
22447	核桃油	2339046.6237999983	0.00012	409	0.00034	2245847.7043999988	0.96016	377	0.92176	93198.91939999998	0.03984	32	0.07824
22434	玉米碴	2266512.198499999	0.00012	289	0.00024	2243087.6315999995	0.98966	272	0.94118	23424.566899999998	0.01034	17	0.05882
17665	黑豆	2255907.1519000004	0.00011	925	0.00077	2045530.7360999999	0.90674	851	0.92	210376.41580000002	0.09326	74	0.08
17653	椰子油	2233308.726200001	0.00011	256	0.00021	2211635.0528000006	0.9903	241	0.94141	21673.6734	0.0097	15	0.05859
17777	菠萝蜜干	2159691.352200002	0.00011	285	0.00024	1797209.7022000004	0.83216	272	0.95439	362481.65	0.16784	13	0.04561
17764	猕猴桃干	2116486.4078	0.00011	333	0.00028	2038779.1777999997	0.96328	307	0.92192	77707.23000000001	0.03672	26	0.07808
23878	茶树菇	2097323.7755000005	0.00011	389	0.00032	1844615.0910000007	0.87951	336	0.86375	252708.68450000003	0.12049	53	0.13625
22329	水果麦片	2091026.7912999995	0.00011	178	0.00015	2081956.6662999995	0.99566	170	0.95506	9070.125	0.00434	8	0.04494
22322	杂粮面粉	2078172.2675000005	0.00011	536	0.00045	2063740.0644000005	0.99306	511	0.95336	14432.203099999999	0.00694	25	0.04664
22262	胶囊咖啡	2049768.3781000003	0.0001	116	0.0001	2031695.2781000002	0.99118	107	0.92241	18073.1	0.00882	9	0.07759
17907	香肠	1947767.8202000011	0.0001	303	0.00025	1915965.582100001	0.98367	289	0.9538	31802.238099999995	0.01633	14	0.0462
17763	苹果干	1678758.4277000008	9e-05	251	0.00021	1591890.5077	0.94825	239	0.95219	86867.92	0.05175	12	0.04781
17899	牛肉卷/牛肉片	1665347.86	8e-05	108	9e-05	145191.1616	0.08718	31	0.28704	1520156.6984	0.91282	77	0.71296
22168	小苏打	1630090.4695999995	8e-05	412	0.00034	1599702.0970999994	0.98136	373	0.90534	30388.372500000005	0.01864	39	0.09466
17778	菠萝/凤梨干	1627825.9419000002	8e-05	315	0.00026	1298383.8048000003	0.79762	305	0.96825	329442.1371	0.20238	10	0.03175
17663	绿豆	1569654.3424000002	8e-05	1069	0.00089	1522157.2324000006	0.96974	1000	0.93545	47497.11	0.03026	69	0.06455
17800	酸梅粉	1557208.0997999997	8e-05	553	0.00046	1533011.8298999998	0.98446	522	0.94394	24196.269900000003	0.01554	31	0.05606
22177	花椒油	1536507.0762999996	8e-05	351	0.00029	1439242.7712999997	0.9367	335	0.95442	97264.30500000002	0.0633	16	0.04558
23828	蜂蜜柚子茶	1494781.0630999994	8e-05	224	0.00019	1479475.2245999996	0.98976	198	0.88393	15305.8385	0.01024	26	0.11607
22442	奇亚籽	1487968.0238	8e-05	82	7e-05	1451208.1238000002	0.9753	75	0.91463	36759.9	0.0247	7	0.08537
17910	酱卤制品	1298872.8574999997	7e-05	161	0.00013	1180295.4056	0.90871	117	0.72671	118577.45189999999	0.09129	44	0.27329
22327	麦片组合套装	1272073.7074999996	6e-05	140	0.00012	1154185.6215999995	0.90733	136	0.97143	117888.0859	0.09267	4	0.02857
20075	杂粮粉	1194822.3318000005	6e-05	404	0.00034	1193052.6318000003	0.99852	396	0.9802	1769.7	0.00148	8	0.0198
17643	乳酸菌饮料	1150907.7170000004	6e-05	372	0.00031	1046510.4870000002	0.90929	359	0.96505	104397.22999999998	0.09071	13	0.03495
22328	米稀米糊	1069337.0437999999	5e-05	169	0.00014	1031684.6035999999	0.96479	129	0.76331	37652.440200000005	0.03521	40	0.23669
17641	茶饮料	1064961.9448000013	5e-05	527	0.00044	985461.453800001	0.92535	485	0.9203	79500.49100000001	0.07465	42	0.0797
17335	蛋糕	1051217.6952	5e-05	93	8e-05	1011085.4278000002	0.96182	72	0.77419	40132.2674	0.03818	21	0.22581
17774	橄榄	972000.2900999999	5e-05	702	0.00058	942945.3375999999	0.97011	605	0.86182	29054.9525	0.02989	97	0.13818
17336	披萨	960748.5803	5e-05	181	0.00015	950152.8803	0.98897	161	0.8895	10595.699999999999	0.01103	20	0.1105
22261	挂耳咖啡	906180.9222	5e-05	217	0.00018	786885.2782999999	0.86835	173	0.79724	119295.6439	0.13165	44	0.20276
22330	复合麦片	878517.9812	4e-05	56	5e-05	620149.9612000001	0.7059	45	0.80357	258368.02	0.2941	11	0.19643
23877	猴头菇	812771.6749000001	4e-05	339	0.00028	702953.0049	0.86488	282	0.83186	109818.67000000001	0.13512	57	0.16814
22435	荞麦	800458.2516000002	4e-05	239	0.0002	760800.3099000001	0.95046	199	0.83264	39657.9417	0.04954	40	0.16736
17839	阿胶糕/固元糕	752074.2887	4e-05	11	1e-05	36533.288700000005	0.04858	7	0.63636	715541.0	0.95142	4	0.36364
22178	豆豉	565166.3293999998	3e-05	223	0.00019	559874.3376999999	0.99064	215	0.96413	5291.9917000000005	0.00936	8	0.03587
23832	其它蜜种	520818.20249999984	3e-05	294	0.00024	233393.9074999999	0.44813	118	0.40136	287424.29499999987	0.55187	176	0.59864
22269	咖啡伴侣	514606.8217	3e-05	40	3e-05	511611.5817	0.99418	35	0.875	2995.24	0.00582	5	0.125
22323	罐头	497304.89550000004	3e-05	194	0.00016	471756.8625000001	0.94863	166	0.85567	25548.033	0.05137	28	0.14433
17904	牛内脏附件	492366.7492	3e-05	35	3e-05	466929.11449999997	0.94834	17	0.48571	25437.634700000002	0.05166	18	0.51429
17909	火腿	490483.43240000005	2e-05	19	2e-05	8499.0324	0.01733	15	0.78947	481984.4	0.98267	4	0.21053
17887	饼干/磨牙棒	468752.5667	2e-05	9	1e-05	468752.5667	1.0	9	1.0	0	0.0	0	0
22445	牛奶粉	436656.0	2e-05	2	0.0	436656.0	1.0	2	1.0	0	0.0	0	0
22429	加应子/李子干	418555.2246	2e-05	36	3e-05	417611.14460000006	0.99774	33	0.91667	944.08	0.00226	3	0.08333
23872	虫草花	377634.6445	2e-05	92	8e-05	241445.44450000004	0.63936	65	0.70652	136189.2	0.36064	27	0.29348
17884	糖果/果条	348880.45	2e-05	4	0.0	348753.95	0.99964	3	0.75	126.5	0.00036	1	0.25
22332	麦片组合套装	312631.0473	2e-05	67	6e-05	311647.0473	0.99685	66	0.98507	984.0	0.00315	1	0.01493
22440	亚麻籽	304638.4988	2e-05	39	3e-05	109344.406	0.35893	31	0.79487	195294.09280000004	0.64107	8	0.20513
17781	南瓜干	298384.26739999995	2e-05	139	0.00012	297036.7374	0.99548	132	0.94964	1347.5300000000002	0.00452	7	0.05036
17644	苏打水	291589.2584000001	1e-05	71	6e-05	266279.9084000001	0.9132	55	0.77465	25309.350000000002	0.0868	16	0.22535
17901	牛肉串/牛肉馅	265106.6296	1e-05	34	3e-05	238103.39500000002	0.89814	15	0.44118	27003.234600000003	0.10186	19	0.55882
21460	培根	249177.5134	1e-05	57	5e-05	243827.49339999998	0.97853	48	0.84211	5350.0199999999995	0.02147	9	0.15789
22426	蓝莓干	213140.28799999997	1e-05	61	5e-05	211368.2002	0.99169	56	0.91803	1772.0878000000002	0.00831	5	0.08197
23830	洋槐蜜	179635.40540000005	1e-05	32	3e-05	23948.075	0.13331	13	0.40625	155687.33040000004	0.86669	19	0.59375
23831	百花蜜	158215.8427	1e-05	96	8e-05	11536.1	0.07291	28	0.29167	146679.7427	0.92709	68	0.70833
22436	高粱	156105.63989999998	1e-05	98	8e-05	150095.9399	0.9615	87	0.88776	6009.700000000001	0.0385	11	0.11224
22151	宁红	143435.53620000003	1e-05	74	6e-05	134584.03320000003	0.93829	68	0.91892	8851.503	0.06171	6	0.08108
22150	宜红	129751.12870000002	1e-05	74	6e-05	128917.88190000002	0.99358	70	0.94595	833.2468	0.00642	4	0.05405
22331	膨化谷物	124054.4619	1e-05	21	2e-05	124007.2619	0.99962	17	0.80952	47.2	0.00038	4	0.19048
22428	酸角/甜角	123704.6719	1e-05	83	7e-05	107539.74390000002	0.86933	71	0.85542	16164.928	0.13067	12	0.14458
22439	红米	107608.01980000001	1e-05	35	3e-05	104618.01980000001	0.97221	32	0.91429	2990.0	0.02779	3	0.08571
22438	芸豆	100184.1661	1e-05	80	7e-05	92735.1661	0.92565	76	0.95	7449.0	0.07435	4	0.05
17880	肉酥/肉松	98822.34019999998	1e-05	31	3e-05	98822.34019999998	1.0	29	0.93548	0.0	0.0	2	0.06452
22270	咖啡液	97911.75420000001	0.0	19	2e-05	97911.75420000001	1.0	18	0.94737	0.0	0.0	1	0.05263
22161	青砖茶	69828.83009999999	0.0	58	5e-05	69410.83009999999	0.99401	56	0.96552	418.0	0.00599	2	0.03448
22443	驼奶粉	63957.450000000004	0.0	15	1e-05	63957.450000000004	1.0	12	0.8	0.0	0.0	3	0.2
17896	牛腩	62033.194599999995	0.0	36	3e-05	40935.5251	0.6599	23	0.63889	21097.669500000004	0.3401	13	0.36111
21976	补气养血类	59529.42830000001	0.0	23	2e-05	0	0.0	0	0	59529.42830000001	1.0	23	1.0
17882	鱼肠/肉肠	51007.125	0.0	24	2e-05	50735.775	0.99468	22	0.91667	271.35	0.00532	2	0.08333
17597	眼部按摩器	50886.6232	0.0	4	0.0	0	0.0	0	0	50886.6232	1.0	4	1.0
17908	培根	29756.349800000004	0.0	15	1e-05	22598.300000000003	0.75944	9	0.6	7158.049800000001	0.24056	6	0.4
23829	椴树蜜	26320.3095	0.0	39	3e-05	15440.4492	0.58664	23	0.58974	10879.8603	0.41336	16	0.41026
21448	即炖/即泡燕窝	24520.25	0.0	5	0.0	24520.25	1.0	5	1.0	0	0.0	0	0
22441	青稞	20969.9833	0.0	15	1e-05	20969.9833	1.0	15	1.0	0	0.0	0	0
21449	干燕窝	18596.87	0.0	3	0.0	116.87	0.00628	2	0.66667	18480.0	0.99372	1	0.33333
17883	奶片/奶酪	17355.0	0.0	1	0.0	17355.0	1.0	1	1.0	0	0.0	0	0
22431	樱桃干/车厘子干	15658.55	0.0	12	1e-05	15658.55	1.0	12	1.0	0	0.0	0	0
17886	海苔	10384.7	0.0	8	1e-05	10384.7	1.0	8	1.0	0	0.0	0	0
22437	小麦仁	9717.253399999996	0.0	51	4e-05	9717.253399999996	1.0	51	1.0	0	0.0	0	0
17927	鹿茸枝	9360.0	0.0	2	0.0	0	0.0	0	0	9360.0	1.0	2	1.0
21446	常温即食	7830.3933	0.0	10	1e-05	7411.8933	0.94655	8	0.8	418.5	0.05345	2	0.2
17881	米饼/泡芙	7358.4	0.0	2	0.0	7358.4	1.0	2	1.0	0	0.0	0	0
17889	溶豆/小馒头	5051.892	0.0	8	1e-05	473.428	0.09371	6	0.75	4578.464	0.90629	2	0.25
22444	羊奶粉	3510.0	0.0	1	0.0	3510.0	1.0	1	1.0	0	0.0	0	0
21447	鲜炖燕窝	882.8	0.0	3	0.0	848.0	0.96058	2	0.66667	34.8	0.03942	1	0.33333
17928	其它鹿类滋补品	616.9	0.0	3	0.0	616.9	1.0	3	1.0	0	0.0	0	0
23742	紫米	348.48	0.0	1	0.0	0	0.0	0	0	348.48	1.0	1	1.0
21090	湿粮罐头	13.5	0.0	1	0.0	0	0.0	0	0	13.5	1.0	1	1.0