17798	全脂纯牛奶	812560793.0000013	0.03685	7212	0.00565	796960366.8978012	0.9808	6919	0.95937	15600426.1022	0.0192	293	0.04063
17729	其它休闲零食	773610787.4520916	0.03508	61701	0.04833	590169258.5084964	0.76288	56478	0.91535	183441528.9436003	0.23712	5223	0.08465
17713	西式糕点	698074362.3789946	0.03166	27531	0.02157	633722561.4646955	0.90782	25559	0.92837	64351800.91429995	0.09218	1972	0.07163
17732	零食大礼包	658160965.0712011	0.02985	14222	0.01114	598452077.6173	0.90928	12812	0.90086	59708887.453899994	0.09072	1410	0.09914
17715	饼干	654526201.4869992	0.02968	46465	0.0364	595810977.2742997	0.91029	44261	0.95257	58715224.21270001	0.08971	2204	0.04743
17720	鸡鸭零食	512292293.5373987	0.02323	20132	0.01577	481644974.228099	0.94018	19172	0.95231	30647319.309300005	0.05982	960	0.04769
17714	中式糕点	504770030.0182005	0.02289	63898	0.05006	491927230.0820009	0.97456	60550	0.9476	12842799.936199997	0.02544	3348	0.0524
17693	方便面	479924379.057399	0.02176	26561	0.02081	470864063.7772993	0.98112	25710	0.96796	9060315.280099997	0.01888	851	0.03204
17807	其它冲饮	452177248.9465002	0.02051	26011	0.02038	406588312.79819953	0.89918	20381	0.78355	45588936.14829981	0.10082	5630	0.21645
17809	速溶咖啡	408082219.06070006	0.01851	8994	0.00705	390299244.61300045	0.95642	8383	0.93207	17782974.447700005	0.04358	611	0.06793
17805	纯麦片	404581144.97469926	0.01835	12483	0.00978	383542211.8027996	0.948	12096	0.969	21038933.1719	0.052	387	0.031
17716	面包	400739874.6477011	0.01817	12642	0.0099	387219358.52870095	0.96626	12020	0.9508	13520516.11899999	0.03374	622	0.0492
22136	熟普	335412271.0096002	0.01521	12964	0.01016	323800081.7068002	0.96538	12217	0.94238	11612189.302800002	0.03462	747	0.05762
22135	生普	335269817.0249998	0.0152	12579	0.00985	324218433.1077997	0.96704	11291	0.89761	11051383.917200012	0.03296	1288	0.10239
17797	酸奶	327641869.8519996	0.01486	6128	0.0048	301994216.7910003	0.92172	5588	0.91188	25647653.061000016	0.07828	540	0.08812
17722	牛肉类	290947701.9759001	0.01319	13966	0.01094	285469647.76900005	0.98117	13393	0.95897	5478054.206900008	0.01883	573	0.04103
17744	每日坚果	275012940.3742002	0.01247	4464	0.0035	262200356.87300035	0.95341	4280	0.95878	12812583.501200005	0.04659	184	0.04122
18595	其它方便食品	274277645.92390066	0.01244	14429	0.0113	185296534.68169972	0.67558	12904	0.89431	88981111.24220005	0.32442	1525	0.10569
17752	枣	268448556.9607002	0.01217	14774	0.01157	247232940.00989944	0.92097	13732	0.92947	21215616.950799968	0.07903	1042	0.07053
17677	花生油	242434901.4214999	0.01099	1980	0.00155	241430418.26659995	0.99586	1864	0.94141	1004483.1548999998	0.00414	116	0.05859
17696	方便火锅	235855589.81690052	0.0107	6581	0.00516	232375368.56210038	0.98524	6409	0.97386	3480221.2547999998	0.01476	172	0.02614
17743	坚果礼盒	234912158.59980038	0.01065	4194	0.00329	201434147.75230008	0.85749	3658	0.8722	33478010.847500004	0.14251	536	0.1278
17712	巧克力	229494980.48490033	0.01041	12038	0.00943	214541445.14870027	0.93484	11431	0.94958	14953535.336199997	0.06516	607	0.05042
17718	猪肉类	217530784.84789956	0.00986	6612	0.00518	215186852.5588997	0.98922	6239	0.94359	2343932.2890000003	0.01078	373	0.05641
22145	金骏眉	216903092.29549965	0.00984	4536	0.00355	213399034.80849963	0.98385	4259	0.93893	3504057.486999999	0.01615	277	0.06107
22344	稻花香米	214028819.76880032	0.00971	3645	0.00286	205193489.8612004	0.95872	3251	0.89191	8835329.907599997	0.04128	394	0.10809
17730	豆干制品	204544104.3463995	0.00928	19368	0.01517	200396278.18479964	0.97972	18595	0.96009	4147826.161600002	0.02028	773	0.03991
17632	巧克力	201163761.58050027	0.00912	8018	0.00628	194033064.46860006	0.96455	7514	0.93714	7130697.111900004	0.03545	504	0.06286
17628	全脂纯牛奶	197220465.1301003	0.00894	2304	0.0018	195716871.83350033	0.99238	2228	0.96701	1503593.2966	0.00762	76	0.03299
17793	蛋白质饮料	196719754.08180043	0.00892	2785	0.00218	160536949.46140012	0.81607	2589	0.92962	36182804.62040002	0.18393	196	0.07038
17629	饼干	195441884.60460007	0.00886	18144	0.01421	174136929.92939994	0.89099	17292	0.95304	21304954.675199993	0.10901	852	0.04696
17723	即食海味	178648624.22290045	0.0081	11276	0.00883	163447391.01630053	0.91491	10755	0.9538	15201233.206600003	0.08509	521	0.0462
21381	火锅底料	172654104.54800025	0.00783	12335	0.00966	162750128.3838999	0.94264	11915	0.96595	9903976.164099997	0.05736	420	0.03405
21383	其他酱料	171656205.18500105	0.00778	33856	0.02652	164565310.06250045	0.95869	32630	0.96379	7090895.122500002	0.04131	1226	0.03621
22265	速溶咖啡	159730034.54569978	0.00724	6286	0.00492	154524655.59329984	0.96741	6070	0.96564	5205378.952399999	0.03259	216	0.03436
17695	罐头	159668193.42529917	0.00724	10066	0.00789	148620577.5417994	0.93081	9416	0.93543	11047615.883499995	0.06919	650	0.06457
17734	奶酪	156655960.54789978	0.0071	3167	0.00248	154698518.3751998	0.9875	3030	0.95674	1957442.1727	0.0125	137	0.04326
17906	其它传统滋补	153724897.2322001	0.00697	11134	0.00872	129066304.1247999	0.83959	8664	0.77816	24658593.10740001	0.16041	2470	0.22184
21373	酱油	149889997.79299998	0.0068	6922	0.00542	143715413.46659997	0.95881	6432	0.92921	6174584.326399998	0.04119	490	0.07079
17812	奶茶	145511725.0970996	0.0066	9948	0.00779	140983870.8836996	0.96888	9376	0.9425	4527854.213399997	0.03112	572	0.0575
17740	核桃	139145410.96540007	0.00631	4629	0.00363	133990247.14330001	0.96295	4258	0.91985	5155163.822100003	0.03705	371	0.08015
18596	其它糖果	136679403.23600045	0.0062	12518	0.00981	96651146.44870044	0.70714	11417	0.91205	40028256.78730002	0.29286	1101	0.08795
17676	玉米油	133957312.57340004	0.00607	1392	0.00109	132477395.27930002	0.98895	1351	0.97055	1479917.2941000003	0.01105	41	0.02945
21379	榨菜/酱腌菜	133799825.18620072	0.00607	24275	0.01902	130425540.16120054	0.97478	23340	0.96148	3374285.025000002	0.02522	935	0.03852
21782	膨化食品	131925083.53959979	0.00598	8466	0.00663	99405935.31309968	0.7535	7873	0.92996	32519148.2265	0.2465	593	0.07004
17631	糖果	130195073.38009997	0.0059	11309	0.00886	112490904.48449986	0.86402	10310	0.91166	17704168.895600017	0.13598	999	0.08834
21389	其他调味料	125762910.6997989	0.0057	26932	0.0211	118115172.69019878	0.93919	25106	0.9322	7647738.009599992	0.06081	1826	0.0678
22324	水果麦片	125709308.88929997	0.0057	1217	0.00095	125526229.45380001	0.99854	1183	0.97206	183079.4355	0.00146	34	0.02794
17748	瓜子	125533255.34789993	0.00569	9491	0.00743	122619831.03419991	0.97679	8839	0.9313	2913424.3136999994	0.02321	652	0.0687
17692	其它烘焙原料	125341487.74939914	0.00568	20551	0.0161	117867262.05819921	0.94037	19548	0.95119	7474225.6911999965	0.05963	1003	0.04881
17694	米粉/米线	124321610.98519982	0.00564	11621	0.0091	121898702.13519984	0.98051	11100	0.95517	2422908.8499999996	0.01949	521	0.04483
17794	茶饮料	123005678.05050008	0.00558	4727	0.0037	115120845.30560003	0.9359	3978	0.84155	7884832.744900002	0.0641	749	0.15845
18601	其它乳品/制品	117475820.35449994	0.00533	1885	0.00148	115854716.91999994	0.9862	1750	0.92838	1621103.4345000002	0.0138	135	0.07162
22158	其他乌龙茶	113685806.2767004	0.00516	5863	0.00459	109719545.77420032	0.96511	5289	0.9021	3966260.5024999985	0.03489	574	0.0979
17655	方便面/粉	111675412.38629967	0.00506	7951	0.00623	109946041.1190997	0.98451	7652	0.96239	1729371.2672000001	0.01549	299	0.03761
18600	其它蜜饯果干	108245195.34259984	0.00491	11251	0.00881	101667979.02459979	0.93924	10188	0.90552	6577216.317999998	0.06076	1063	0.09448
17681	菜籽油	104729354.31520003	0.00475	1895	0.00148	103135522.64860004	0.98478	1805	0.95251	1593831.6665999996	0.01522	90	0.04749
22146	正山小种	104235147.60380003	0.00473	3506	0.00275	103184744.13880002	0.98992	3232	0.92185	1050403.4649999994	0.01008	274	0.07815
17674	挂面	100861550.6616	0.00457	9740	0.00763	97957114.11140004	0.9712	9213	0.94589	2904436.5502	0.0288	527	0.05411
22144	其他绿茶	100289735.95239955	0.00455	7837	0.00614	93934496.09039968	0.93663	6769	0.86372	6355239.861999993	0.06337	1068	0.13628
17679	调和油	99067455.49409996	0.00449	2251	0.00176	98606011.39479995	0.99534	2185	0.97068	461444.09930000006	0.00466	66	0.02932
17697	方便米饭	97223950.05709995	0.00441	4509	0.00353	94941971.33549997	0.97653	4252	0.943	2281978.7216	0.02347	257	0.057
17789	果蔬汁/饮料	92227672.91699998	0.00418	9749	0.00764	86281225.88100009	0.93552	8872	0.91004	5946447.0359999975	0.06448	877	0.08996
22119	低脂纯牛奶	88325653.36279997	0.00401	225	0.00018	88317699.13249996	0.99991	218	0.96889	7954.2303	9e-05	7	0.03111
17735	夏威夷果	88042647.91619991	0.00399	1649	0.00129	87757872.18409991	0.99677	1567	0.95027	284775.7320999999	0.00323	82	0.04973
17634	膨化食品	87519336.83979973	0.00397	8181	0.00641	67430135.65799977	0.77046	7375	0.90148	20089201.18180001	0.22954	806	0.09852
17680	葵花籽油	85285121.19229995	0.00387	924	0.00072	81465885.02869993	0.95522	887	0.95996	3819236.1635999996	0.04478	37	0.04004
17737	腰果	83587714.87939997	0.00379	2214	0.00173	79037623.38509995	0.94557	2114	0.95483	4550091.494300001	0.05443	100	0.04517
17799	芝麻糊	83511618.09229991	0.00379	2303	0.0018	79532728.75539994	0.95236	2166	0.94051	3978889.3369	0.04764	137	0.05949
17796	乳酸菌乳品	83247720.2607999	0.00378	2295	0.0018	82577087.08259991	0.99194	2213	0.96427	670633.1782	0.00806	82	0.03573
17738	松子	83029997.38389994	0.00377	1816	0.00142	77195271.08589998	0.92973	1635	0.90033	5834726.298000002	0.07027	181	0.09967
20072	海苔	81529007.34109995	0.0037	2668	0.00209	65351861.68659984	0.80158	2474	0.92729	16177145.654499996	0.19842	194	0.07271
17795	苏打水	80355523.51709984	0.00364	1823	0.00143	79700153.38919987	0.99184	1742	0.95557	655370.1278999998	0.00816	81	0.04443
17727	鸡鸭熟食	79184235.31579994	0.00359	4014	0.00314	74385451.95559992	0.9394	3719	0.92651	4798783.360199997	0.0606	295	0.07349
17780	混合蔬果干	77293592.65899985	0.00351	3695	0.00289	69719286.90399995	0.90201	3490	0.94452	7574305.755000001	0.09799	205	0.05548
17731	果冻/布丁	77224031.4857999	0.0035	5846	0.00458	68924829.51199983	0.89253	5285	0.90404	8299201.973800002	0.10747	561	0.09596
17810	咖啡豆	77032710.18819988	0.00349	5630	0.00441	72967250.27119981	0.94722	5163	0.91705	4065459.9170000004	0.05278	467	0.08295
17630	糕点	76654750.89919972	0.00348	5701	0.00447	73651007.85179977	0.96081	5377	0.94317	3003743.0474000005	0.03919	324	0.05683
21390	食糖	76439226.68269989	0.00347	8080	0.00633	72091457.7514	0.94312	7433	0.91993	4347768.931299998	0.05688	647	0.08007
20074	混合五谷粉	76410686.9104999	0.00347	2132	0.00167	67615063.85649994	0.88489	1950	0.91463	8795623.054	0.11511	182	0.08537
17657	米	76274723.28119981	0.00346	2400	0.00188	75270341.28829983	0.98683	2159	0.89958	1004381.9929000002	0.01317	241	0.10042
17683	橄榄油	75634509.44580004	0.00343	1376	0.00108	75437808.21130003	0.9974	1329	0.96584	196701.23449999996	0.0026	47	0.03416
22268	胶囊咖啡	73984936.17649996	0.00336	1020	0.0008	71962635.56619996	0.97267	929	0.91078	2022300.6103	0.02733	91	0.08922
17766	梅子干	72138608.05809988	0.00327	5788	0.00453	70675742.34729993	0.97972	5281	0.9124	1462865.7108	0.02028	507	0.0876
17801	藕粉	69920813.92639996	0.00317	2032	0.00159	68710468.96189992	0.98269	1888	0.92913	1210344.9644999993	0.01731	144	0.07087
21385	复合调味料	69515487.89449994	0.00315	17249	0.01351	60136216.81459994	0.86508	16326	0.94649	9379271.079899997	0.13492	923	0.05351
17784	饮用天然水	68060333.87970006	0.00309	1599	0.00125	66147621.86720009	0.9719	1551	0.96998	1912712.0125	0.0281	48	0.03002
22153	大红袍	67019926.000999995	0.00304	4601	0.0036	63195909.26760001	0.94294	4304	0.93545	3824016.7333999975	0.05706	297	0.06455
17670	其它杂粮	66638706.12519978	0.00302	11494	0.009	59136554.85189974	0.88742	10502	0.91369	7502151.273300004	0.11258	992	0.08631
17675	小麦面粉	66422232.82149976	0.00301	9525	0.00746	65459679.275499776	0.98551	9209	0.96682	962553.5459999999	0.01449	316	0.03318
22164	白牡丹	65318628.35050008	0.00296	1779	0.00139	61959506.29740004	0.94857	1611	0.90556	3359122.0531	0.05143	168	0.09444
22343	长粒香米	64588345.31409991	0.00293	2628	0.00206	59193276.937599875	0.91647	2308	0.87823	5395068.3765	0.08353	320	0.12177
17767	芒果干	64368696.19979999	0.00292	3139	0.00246	63786880.708699994	0.99096	3023	0.96305	581815.4911	0.00904	116	0.03695
17804	豆浆	63140058.983300015	0.00286	2839	0.00222	61321911.82240005	0.9712	2645	0.93167	1818147.1609000005	0.0288	194	0.06833
17749	花生	60988451.35009986	0.00277	7884	0.00618	58697909.00389989	0.96244	7260	0.92085	2290542.3461999986	0.03756	624	0.07915
22348	其它米	60214817.074399926	0.00273	2807	0.0022	50537337.708299935	0.83928	2427	0.86462	9677479.366100002	0.16072	380	0.13538
22342	珍珠米	60104056.27809995	0.00273	1765	0.00138	56000342.510400005	0.93172	1640	0.92918	4103713.767699999	0.06828	125	0.07082
17787	碳酸饮料	59872031.16999994	0.00272	4286	0.00336	55835256.26239991	0.93258	3997	0.93257	4036774.9075999996	0.06742	289	0.06743
17637	坚果炒货	58078970.02119992	0.00263	1910	0.0015	55547405.24079992	0.95641	1741	0.91152	2531564.7804	0.04359	169	0.08848
17733	奶片	57171775.01420004	0.00259	1649	0.00129	56823887.27040005	0.99392	1552	0.94118	347887.74380000005	0.00608	97	0.05882
17650	茶饮	56504888.22279994	0.00256	7553	0.00592	44331600.007499926	0.78456	5394	0.71415	12173288.2153	0.21544	2159	0.28585
17758	红薯条/干	54198864.68709981	0.00246	5125	0.00401	52402754.63199983	0.96686	4664	0.91005	1796110.0550999995	0.03314	461	0.08995
17783	矿泉水	53651854.77010006	0.00243	2208	0.00173	52238134.70320006	0.97365	2144	0.97101	1413720.0669	0.02635	64	0.02899
18597	其它肉干肉脯	52230998.32949996	0.00237	3765	0.00295	50375905.95959995	0.96448	3488	0.92643	1855092.3698999996	0.03552	277	0.07357
18599	其它坚果炒货	51986633.55479998	0.00236	3369	0.00264	38507903.51129995	0.74073	2884	0.85604	13478730.043500002	0.25927	485	0.14396
17649	纯麦片	51896283.27359998	0.00235	3114	0.00244	50220886.26819998	0.96772	2931	0.94123	1675397.0053999997	0.03228	183	0.05877
17775	陈皮	50841928.245399885	0.00231	1952	0.00153	49151090.34359986	0.96674	1778	0.91086	1690837.9018000003	0.03326	174	0.08914
17739	杏仁/巴旦木	50576311.69770003	0.00229	1651	0.00129	47616853.183400035	0.94149	1525	0.92368	2959458.5142999985	0.05851	126	0.07632
17736	开心果	50260613.62320001	0.00228	1579	0.00124	50161806.020100005	0.99803	1494	0.94617	98807.60310000001	0.00197	85	0.05383
17635	蜜饯果干	49559888.69250006	0.00225	2973	0.00233	17449131.247099992	0.35208	2330	0.78372	32110757.445399985	0.64792	643	0.21628
17746	长寿果/碧根果	46989138.35559997	0.00213	1658	0.0013	46153976.823199965	0.98223	1572	0.94813	835161.5324000001	0.01777	86	0.05187
17660	调味品	46365796.22630002	0.0021	12047	0.00944	42926899.15180008	0.92583	11270	0.9355	3438897.0744999996	0.07417	777	0.0645
17791	即饮咖啡	45645698.0852	0.00207	1403	0.0011	33049595.892799962	0.72405	1180	0.84105	12596102.192399995	0.27595	223	0.15895
17682	山茶油	45516187.345099956	0.00206	1359	0.00106	45160239.03139995	0.99218	1239	0.9117	355948.3137	0.00782	120	0.0883
22264	咖啡粉	44994293.35109996	0.00204	1175	0.00092	44512044.45789995	0.98928	1121	0.95404	482248.8932	0.01072	54	0.04596
17786	乳酸菌饮料	44555903.790099956	0.00202	1786	0.0014	42182459.27839995	0.94673	1694	0.94849	2373444.5116999997	0.05327	92	0.05151
17803	豆奶	43842719.96390002	0.00199	944	0.00074	42834421.47390002	0.977	915	0.96928	1008298.49	0.023	29	0.03072
17760	山楂干	42685669.8178	0.00194	4242	0.00332	41026558.55839998	0.96113	3974	0.93682	1659111.2594000003	0.03887	268	0.06318
17662	小米	40561412.66960009	0.00184	3441	0.0027	39243763.75830007	0.96751	3201	0.93025	1317648.9113	0.03249	240	0.06975
17792	功能饮料	40486289.746599995	0.00184	2420	0.0019	33828231.712500006	0.83555	2020	0.83471	6658058.034100002	0.16445	400	0.16529
22152	其他红茶	40330013.02929992	0.00183	4431	0.00347	37301713.53089993	0.92491	3863	0.87181	3028299.4983999995	0.07509	568	0.12819
22138	碧螺春	39813441.50570004	0.00181	1870	0.00146	39312246.98640004	0.98741	1780	0.95187	501194.51929999987	0.01259	90	0.04813
22140	毛尖	39543196.74769999	0.00179	2226	0.00174	38506505.968100004	0.97378	2021	0.90791	1036690.7796000004	0.02622	205	0.09209
22147	滇红	38623536.688900046	0.00175	2641	0.00207	37352564.56340004	0.96709	2426	0.91859	1270972.1255000003	0.03291	215	0.08141
17652	橄榄油	38459322.7699	0.00174	1644	0.00129	38445902.74750001	0.99965	1609	0.97871	13420.0224	0.00035	35	0.02129
21376	醋	37246559.248299934	0.00169	7415	0.00581	29412227.504999954	0.78966	6880	0.92785	7834331.743300006	0.21034	535	0.07215
17706	奶糖	36866509.38459994	0.00167	3443	0.0027	36255844.42519993	0.98344	3290	0.95556	610664.9593999999	0.01656	153	0.04444
21384	香辛料	36624932.24639997	0.00166	9082	0.00711	35781562.34060002	0.97697	8377	0.92237	843369.9057999996	0.02303	705	0.07763
17782	纯净水	36280098.31310001	0.00165	778	0.00061	36207710.252700016	0.998	756	0.97172	72388.0604	0.002	22	0.02828
17685	其它油	36159828.40619994	0.00164	2700	0.00212	34696051.51819994	0.95952	2463	0.91222	1463776.8880000005	0.04048	237	0.08778
22120	风味奶	35540859.622099996	0.00161	1240	0.00097	34242199.4942	0.96346	1169	0.94274	1298660.1279	0.03654	71	0.05726
23883	其他干货	35357349.86289996	0.0016	6431	0.00504	27341391.00890001	0.77329	5030	0.78215	8015958.853999987	0.22671	1401	0.21785
17698	速食粥	34790842.13849996	0.00158	2089	0.00164	32773424.75049997	0.94201	1993	0.95404	2017417.3880000007	0.05799	96	0.04596
22166	贡眉	33861193.315799996	0.00154	571	0.00045	33340149.423299998	0.98461	513	0.89842	521043.8925	0.01539	58	0.10158
17704	棒棒糖	33570195.54430004	0.00152	5133	0.00402	32831853.144200053	0.97801	4942	0.96279	738342.4000999997	0.02199	191	0.03721
17678	大豆油	33477597.2777	0.00152	1130	0.00089	32625123.65790001	0.97454	1074	0.95044	852473.6198	0.02546	56	0.04956
22141	安吉白茶	33326147.785599943	0.00151	1795	0.00141	32881888.362299945	0.98667	1675	0.93315	444259.4233000001	0.01333	120	0.06685
17745	板栗	32951780.730299994	0.00149	1693	0.00133	30356447.84829999	0.92124	1520	0.89781	2595332.8819999993	0.07876	173	0.10219
17642	果蔬汁/饮料	32206853.269799996	0.00146	3307	0.00259	30508766.74520001	0.94728	3059	0.92501	1698086.5246000001	0.05272	248	0.07499
18598	其它熟食腊味	31953952.86370002	0.00145	3042	0.00238	26136020.733300045	0.81793	2686	0.88297	5817932.130399999	0.18207	356	0.11703
22118	脱脂纯牛奶	31787636.096799996	0.00144	211	0.00017	31779215.956799995	0.99974	198	0.93839	8420.14	0.00026	13	0.06161
22162	其他黑茶	31475493.503499974	0.00143	830	0.00065	31089622.73829997	0.98774	720	0.86747	385870.76519999985	0.01226	110	0.13253
22163	白毫银针	31097688.729699977	0.00141	1032	0.00081	30044503.53939998	0.96613	923	0.89438	1053185.1903	0.03387	109	0.10562
22113	脱脂纯牛奶	30693258.52180001	0.00139	340	0.00027	30600492.84980001	0.99698	325	0.95588	92765.672	0.00302	15	0.04412
17699	速食汤	29503934.684599977	0.00134	3242	0.00254	23274181.318899956	0.78885	3027	0.93368	6229753.3657	0.21115	215	0.06632
17721	兔肉零食	29486147.803199995	0.00134	1014	0.00079	28717633.440099996	0.97394	958	0.94477	768514.3631000002	0.02606	56	0.05523
17705	水果硬糖	29358797.223900057	0.00133	5023	0.00393	28294776.384900067	0.96376	4724	0.94047	1064020.8390000002	0.03624	299	0.05953
17726	酱卤肉	28609309.70810002	0.0013	3269	0.00256	24708450.811300024	0.86365	2938	0.89875	3900858.8967999993	0.13635	331	0.10125
22347	泰国香米	28457926.71520002	0.00129	709	0.00056	28259238.76280002	0.99302	657	0.92666	198687.9524	0.00698	52	0.07334
17627	酸奶	28396032.886000022	0.00129	1003	0.00079	28201561.151900016	0.99315	956	0.95314	194471.7341	0.00685	47	0.04686
20073	薄荷糖	28218257.81950003	0.00128	1831	0.00143	24694908.864500027	0.87514	1689	0.92245	3523348.955	0.12486	142	0.07755
22171	辣椒酱	28048065.598000016	0.00127	4022	0.00315	27873762.64070002	0.99379	3901	0.96992	174302.95729999998	0.00621	121	0.03008
17703	口香糖	27888235.2232	0.00126	2636	0.00206	26318700.344100002	0.94372	2440	0.92564	1569534.8790999998	0.05628	196	0.07436
17894	牛排	27888135.786199998	0.00126	907	0.00071	1137119.6118	0.04077	174	0.19184	26751016.1744	0.95923	733	0.80816
22159	安化黑茶	27845423.69390003	0.00126	2210	0.00173	23312135.876900017	0.8372	1717	0.77692	4533287.816999999	0.1628	493	0.22308
17687	奶油	27768076.670899965	0.00126	2337	0.00183	27557660.10709996	0.99242	2303	0.98545	210416.5638	0.00758	34	0.01455
22165	寿眉	27294221.031100016	0.00124	1433	0.00112	26719495.29890002	0.97894	1282	0.89463	574725.7322	0.02106	151	0.10537
17761	葡萄干	24532213.325000033	0.00111	2898	0.00227	22632428.763500042	0.92256	2624	0.90545	1899784.5614999998	0.07744	274	0.09455
21382	火锅蘸料	24286787.870800056	0.0011	3733	0.00292	24189166.628400054	0.99598	3685	0.98714	97621.24240000002	0.00402	48	0.01286
17673	糙米	23779065.313800033	0.00108	1462	0.00115	23733705.80180003	0.99809	1419	0.97059	45359.51200000001	0.00191	43	0.02941
22263	咖啡豆	23393896.634300034	0.00106	792	0.00062	22975795.769100033	0.98213	720	0.90909	418100.86519999994	0.01787	72	0.09091
22139	毛峰	22288996.41410001	0.00101	1721	0.00135	22066811.22850001	0.99003	1645	0.95584	222185.18560000003	0.00997	76	0.04416
17658	意面/挂面	22270131.10080002	0.00101	3087	0.00242	22104780.28120001	0.99258	2958	0.95821	165350.81959999996	0.00742	129	0.04179
17689	黄油	21835575.659699973	0.00099	2006	0.00157	21733207.61979997	0.99531	1956	0.97507	102368.0399	0.00469	50	0.02493
17647	麦卢卡蜜种	21746497.088199995	0.00099	1271	0.001	21232335.032599993	0.97636	1060	0.83399	514162.0556	0.02364	211	0.16601
17750	蚕豆/兰花豆	20949886.68100003	0.00095	3379	0.00265	20391259.517100036	0.97334	3229	0.95561	558627.1638999998	0.02666	150	0.04439
17668	燕麦	20547103.92389996	0.00093	1097	0.00086	20278054.11219996	0.98691	1032	0.94075	269049.81169999996	0.01309	65	0.05925
21378	鸡精/味精	20184070.400200006	0.00092	2345	0.00184	19711050.144800007	0.97656	2106	0.89808	473020.25539999985	0.02344	239	0.10192
23869	桂圆	20007018.941599995	0.00091	1086	0.00085	18131084.7015	0.90624	980	0.90239	1875934.2400999994	0.09376	106	0.09761
23874	木耳	19886074.733300004	0.0009	1781	0.0014	19529292.591500007	0.98206	1612	0.90511	356782.1418000003	0.01794	169	0.09489
22154	单枞	19817630.72130001	0.0009	1303	0.00102	19545970.414200008	0.98629	1196	0.91788	271660.3071	0.01371	107	0.08212
17633	海苔	19378026.74059999	0.00088	1977	0.00155	17487493.998900004	0.90244	1830	0.92564	1890532.7416999994	0.09756	147	0.07436
17811	咖啡伴侣	18871421.374700002	0.00086	2740	0.00215	18352686.82799999	0.97251	2636	0.96204	518734.5467	0.02749	104	0.03796
17790	凉茶	18559738.700499985	0.00084	1856	0.00145	17174562.74550001	0.92537	1301	0.70097	1385175.9549999996	0.07463	555	0.29903
17742	桃仁	18334642.521000024	0.00083	793	0.00062	17852101.739800025	0.97368	723	0.91173	482540.78119999997	0.02632	70	0.08827
22346	油粘米	18075035.206899997	0.00082	301	0.00024	15534734.822100002	0.85946	265	0.8804	2540300.384799999	0.14054	36	0.1196
22341	小町米	17870514.807799995	0.00081	393	0.00031	16986092.782199994	0.95051	350	0.89059	884422.0255999997	0.04949	43	0.10941
17710	橡皮糖	17578234.293899994	0.0008	3525	0.00276	15983079.838100024	0.90925	3347	0.9495	1595154.4558000006	0.09075	178	0.0505
17711	润喉糖	17137811.955800023	0.00078	2233	0.00175	15628898.90570001	0.91195	1922	0.86073	1508913.0501000008	0.08805	311	0.13927
22155	肉桂	16933433.905799985	0.00077	1106	0.00087	16310779.227299996	0.96323	972	0.87884	622654.6784999999	0.03677	134	0.12116
17686	烘焙粉	16916875.345000073	0.00077	6416	0.00503	16546117.979100082	0.97808	6214	0.96852	370757.36590000003	0.02192	202	0.03148
22111	气泡水	16911610.384600006	0.00077	526	0.00041	16855424.3306	0.99668	514	0.97719	56186.054	0.00332	12	0.02281
17709	酥糖	16906615.824400004	0.00077	2646	0.00207	16178803.933200011	0.95695	2546	0.96221	727811.8911999998	0.04305	100	0.03779
17776	草莓干	16572909.822399978	0.00075	1278	0.001	16451128.893699978	0.99265	1231	0.96322	121780.92870000002	0.00735	47	0.03678
17638	肉干/鱼类	16518548.544699997	0.00075	1210	0.00095	15808587.987799998	0.95702	1117	0.92314	709960.5569000001	0.04298	93	0.07686
17707	牛轧糖	16415468.86390002	0.00074	2032	0.00159	16281046.44810002	0.99181	1970	0.96949	134422.4158	0.00819	62	0.03051
17684	亚麻油/火麻油	16013052.473	0.00073	1443	0.00113	15811590.922600001	0.98742	1374	0.95218	201461.55039999998	0.01258	69	0.04782
17645	咖啡/奶茶饮料	15982462.416799994	0.00072	925	0.00072	15297411.598299999	0.95714	855	0.92432	685050.8184999998	0.04286	70	0.07568
17656	其它速食	15884050.856300008	0.00072	2471	0.00194	15189946.204600012	0.9563	2239	0.90611	694104.6516999998	0.0437	232	0.09389
17667	芝麻	15867116.242100036	0.00072	1483	0.00116	15038059.206700021	0.94775	1298	0.87525	829057.0354000003	0.05225	185	0.12475
23868	枸杞/红枸杞	15863977.593399981	0.00072	2522	0.00198	14740806.385799984	0.9292	2207	0.8751	1123171.2076	0.0708	315	0.1249
22112	全脂纯牛奶	15598187.847400002	0.00071	121	9e-05	15580104.913700001	0.99884	114	0.94215	18082.9337	0.00116	7	0.05785
23833	蜂蜜柚子茶	15592681.452700006	0.00071	957	0.00075	15295254.200000007	0.98093	873	0.91223	297427.2526999999	0.01907	84	0.08777
22121	天然苏打水	15585640.196900006	0.00071	205	0.00016	15568691.480600007	0.99891	203	0.99024	16948.7163	0.00109	2	0.00976
22170	烘焙原料套装	15575736.538800003	0.00071	381	0.0003	15237409.403800003	0.97828	366	0.96063	338327.135	0.02172	15	0.03937
22110	矿泉水	15551466.587299995	0.00071	1151	0.0009	15252239.197299998	0.98076	1132	0.98349	299227.39	0.01924	19	0.01651
17806	冲饮果汁	14924254.745000023	0.00068	2093	0.00164	12578097.806500012	0.8428	1898	0.90683	2346156.9384999997	0.1572	195	0.09317
23827	其它蜜种	14542363.367800016	0.00066	944	0.00074	10610609.455700006	0.72963	755	0.79979	3931753.912099998	0.27037	189	0.20021
22422	山核桃	14416055.8192	0.00065	372	0.00029	14413429.451699998	0.99982	355	0.9543	2626.3675	0.00018	17	0.0457
17902	其他牛肉	14060797.046399998	0.00064	618	0.00048	3831594.3110999996	0.2725	334	0.54045	10229202.735300003	0.7275	284	0.45955
17708	棉花糖	13896485.2509	0.00063	1416	0.00111	13839974.8405	0.99593	1376	0.97175	56510.41039999999	0.00407	40	0.02825
22117	全脂纯牛奶	13844602.0118	0.00063	115	9e-05	13842548.811800001	0.99985	112	0.97391	2053.2	0.00015	3	0.02609
17691	烘焙馅料	13816683.317999989	0.00063	3264	0.00256	12957296.055199988	0.9378	3135	0.96048	859387.2627999998	0.0622	129	0.03952
23875	银耳	13645095.820000008	0.00062	1257	0.00098	13266646.778800007	0.97226	1175	0.93477	378449.04120000004	0.02774	82	0.06523
22148	祁红	13553259.928599985	0.00061	910	0.00071	13322443.915899979	0.98297	875	0.96154	230816.0127	0.01703	35	0.03846
17688	酵母	13337482.356499994	0.0006	1919	0.0015	12421574.4119	0.93133	1852	0.96509	915907.9446000003	0.06867	67	0.03491
17646	成人奶粉	13166983.254199998	0.0006	168	0.00013	12948316.3114	0.98339	145	0.8631	218666.9428	0.01661	23	0.1369
22345	丝苗米	13150379.8642	0.0006	648	0.00051	13105068.300900001	0.99655	595	0.91821	45311.5633	0.00345	53	0.08179
22321	其他煮食面	12652991.0479	0.00057	497	0.00039	12304703.356200002	0.97247	476	0.95775	348287.6917	0.02753	21	0.04225
17724	腊肠	12096010.396900002	0.00055	783	0.00061	11979146.886599997	0.99034	693	0.88506	116863.51030000002	0.00966	90	0.11494
17785	其它饮用水	12057012.2426	0.00055	561	0.00044	11283422.6282	0.93584	506	0.90196	773589.6144000001	0.06416	55	0.09804
21462	酱卤制品	11930741.036600007	0.00054	900	0.00071	11356465.676800007	0.95187	741	0.82333	574275.3598	0.04813	159	0.17667
23876	香菇	11825712.96460001	0.00054	1747	0.00137	11425816.44130001	0.96618	1507	0.86262	399896.5233	0.03382	240	0.13738
22142	雀舌	11824771.7306	0.00054	891	0.0007	11735841.5609	0.99248	850	0.95398	88930.1697	0.00752	41	0.04602
22167	其他白茶	11506167.863600006	0.00052	899	0.0007	10876954.529200006	0.94532	761	0.8465	629213.3344	0.05468	138	0.1535
17659	烘焙原料	11315175.465499993	0.00051	2122	0.00166	10364696.465900004	0.916	1995	0.94015	950478.9996000001	0.084	127	0.05985
17808	椰子粉	11298376.8811	0.00051	830	0.00065	10865623.680300001	0.9617	802	0.96627	432753.2008	0.0383	28	0.03373
23881	粉丝/粉条	10942749.924500003	0.0005	1212	0.00095	10709659.8093	0.9787	1143	0.94307	233090.11519999997	0.0213	69	0.05693
17907	香肠	10815659.233200014	0.00049	339	0.00027	3696702.8649999984	0.34179	324	0.95575	7118956.368200001	0.65821	15	0.04425
21375	料酒	10574354.870200025	0.00048	1175	0.00092	10271733.57820001	0.97138	1069	0.90979	302621.2920000001	0.02862	106	0.09021
21374	蚝油	10503496.970800012	0.00048	1064	0.00083	10268290.259600013	0.97761	999	0.93891	235206.71120000005	0.02239	65	0.06109
17771	榴莲干	10459957.9052	0.00047	522	0.00041	9635285.782100003	0.92116	486	0.93103	824672.1231	0.07884	36	0.06897
17802	可可/巧克力饮品	10452411.813200004	0.00047	729	0.00057	9524812.920700006	0.91126	685	0.93964	927598.8925	0.08874	44	0.06036
22329	水果麦片	10385714.3603	0.00047	203	0.00016	10363647.795100002	0.99788	192	0.94581	22066.565199999997	0.00212	11	0.05419
22169	烘焙半成品	10356745.59699999	0.00047	622	0.00049	9036476.166999992	0.87252	597	0.95981	1320269.43	0.12748	25	0.04019
17751	豌豆/青豆	10083571.132099997	0.00046	1938	0.00152	8977263.029199995	0.89029	1833	0.94582	1106308.1028999998	0.10971	105	0.05418
22433	混合杂粮米	9248380.7867	0.00042	485	0.00038	4756756.832699996	0.51433	469	0.96701	4491623.954	0.48567	16	0.03299
22425	槟榔	9105104.825100003	0.00041	643	0.0005	6083258.907199997	0.66812	316	0.49145	3021845.9179	0.33188	327	0.50855
17671	黑米	9094741.325700006	0.00041	1184	0.00093	9000319.435300004	0.98962	1122	0.94764	94421.89039999999	0.01038	62	0.05236
17753	杏干	8870477.02190001	0.0004	1462	0.00115	7690706.825700011	0.867	1314	0.89877	1179770.1961999997	0.133	148	0.10123
21388	咖喱	8864425.672100008	0.0004	1990	0.00156	8453980.598500002	0.9537	1919	0.96432	410445.07360000006	0.0463	71	0.03568
17651	五谷粉	8641049.202699997	0.00039	762	0.0006	8027923.846599996	0.92905	647	0.84908	613125.3560999997	0.07095	115	0.15092
17755	无花果干	8593809.678200003	0.00039	933	0.00073	8357835.531500001	0.97254	845	0.90568	235974.14669999998	0.02746	88	0.09432
22259	咖啡粉	8346968.590299998	0.00038	182	0.00014	8278553.026899998	0.9918	163	0.8956	68415.5634	0.0082	19	0.1044
22172	沙拉酱	7895146.389100001	0.00036	927	0.00073	7889660.896800001	0.99931	918	0.99029	5485.4923	0.00069	9	0.00971
22176	代糖	7739204.754000001	0.00035	289	0.00023	7558687.252600001	0.97667	275	0.95156	180517.50139999998	0.02333	14	0.04844
21380	腐乳	7551610.464799994	0.00034	2298	0.0018	6909246.914699994	0.91494	2071	0.90122	642363.5501000001	0.08506	227	0.09878
22267	挂耳咖啡	7520132.814600002	0.00034	308	0.00024	7343209.6647000015	0.97647	290	0.94156	176923.14990000002	0.02353	18	0.05844
22116	其他乳制品	7455958.649199999	0.00034	168	0.00013	7455140.9163999995	0.99989	165	0.98214	817.7328	0.00011	3	0.01786
23870	莲子	7313908.386300006	0.00033	1012	0.00079	6965880.052700008	0.95242	887	0.87648	348028.33360000007	0.04758	125	0.12352
17648	奶茶	7246613.618700005	0.00033	1155	0.0009	7029936.950200008	0.9701	1073	0.929	216676.66850000006	0.0299	82	0.071
22160	六堡茶	7169777.458300003	0.00033	514	0.0004	4054950.4108000016	0.56556	435	0.8463	3114827.0475000003	0.43444	79	0.1537
17702	卤蛋	7147695.896700001	0.00032	819	0.00064	7013057.3831	0.98116	755	0.92186	134638.5136	0.01884	64	0.07814
17669	薏仁米	7137089.024900003	0.00032	1185	0.00093	6950013.841400004	0.97379	1108	0.93502	187075.1835	0.02621	77	0.06498
22432	藜麦	7062967.786500001	0.00032	322	0.00025	7032718.347700001	0.99572	308	0.95652	30249.438799999996	0.00428	14	0.04348
17700	火腿肠	7037402.024499995	0.00032	1159	0.00091	6507832.193799997	0.92475	1017	0.87748	529569.8306999999	0.07525	142	0.12252
17769	蔓越莓干	7024734.0342000015	0.00032	963	0.00075	6974649.094700001	0.99287	903	0.93769	50084.93950000001	0.00713	60	0.06231
17757	桃干	6916518.451799993	0.00031	1104	0.00086	6744750.6331999935	0.97517	1072	0.97101	171767.8186	0.02483	32	0.02899
22326	膨化谷物	6910448.127399997	0.00031	147	0.00012	6903419.127399997	0.99898	141	0.95918	7029.0	0.00102	6	0.04082
17636	果冻布丁	6833587.267299994	0.00031	964	0.00076	3827693.5781000014	0.56013	846	0.87759	3005893.6892	0.43987	118	0.12241
17664	红豆	6817226.5589000005	0.00031	1935	0.00152	6683571.467900002	0.98039	1821	0.94109	133655.09100000001	0.01961	114	0.05891
22137	瓜片	6736240.279499998	0.00031	525	0.00041	6412411.390399996	0.95193	441	0.84	323828.8891000001	0.04807	84	0.16
17654	其它油	6716591.526100005	0.0003	987	0.00077	5662734.986200001	0.8431	929	0.94124	1053856.5399000002	0.1569	58	0.05876
17640	功能饮料	6691092.060199999	0.0003	265	0.00021	6575100.130999997	0.98266	163	0.61509	115991.92919999998	0.01734	102	0.38491
22115	风味奶	6239631.033600001	0.00028	165	0.00013	6239631.033600001	1.0	161	0.97576	0.0	0.0	4	0.02424
17747	巴旦木	6194974.142500001	0.00028	820	0.00064	5981135.7113999985	0.96548	774	0.9439	213838.43110000002	0.03452	46	0.0561
21459	香肠	6086939.239699993	0.00028	385	0.0003	3427302.558100001	0.56306	291	0.75584	2659636.6816000002	0.43694	94	0.24416
22156	水仙	6007407.922899999	0.00027	502	0.00039	5697820.347599999	0.94847	427	0.8506	309587.57529999997	0.05153	75	0.1494
17741	榛子	5926985.5598	0.00027	635	0.0005	5712406.702899998	0.9638	574	0.90394	214578.8569	0.0362	61	0.09606
23879	腐竹/豆油皮	5737791.074199994	0.00026	809	0.00063	5657516.884399994	0.98601	762	0.9419	80274.1898	0.01399	47	0.0581
21387	浓汤宝	5735478.599399996	0.00026	732	0.00057	5622539.8835999975	0.98031	694	0.94809	112938.7158	0.01969	38	0.05191
22503	植物蛋白饮料	5734836.5498	0.00026	300	0.00024	5578328.748399999	0.97271	279	0.93	156507.8014	0.02729	21	0.07
22448	普洱生熟茶组合	5648009.624200004	0.00026	353	0.00028	5563269.211400003	0.985	294	0.83286	84740.4128	0.015	59	0.16714
22174	番茄酱	5626226.459799995	0.00026	942	0.00074	5594517.429099993	0.99436	918	0.97452	31709.030700000003	0.00564	24	0.02548
22114	低脂纯牛奶	5610618.671999998	0.00025	177	0.00014	5605326.589999998	0.99906	169	0.9548	5292.082	0.00094	8	0.0452
21386	芝麻香油	5531210.390299995	0.00025	843	0.00066	5384886.928699994	0.97355	764	0.90629	146323.46159999998	0.02645	79	0.09371
22262	胶囊咖啡	5506929.0819	0.00025	131	0.0001	5104340.8362	0.92689	116	0.8855	402588.2457	0.07311	15	0.1145
22325	复合麦片	5313560.2308	0.00024	356	0.00028	5148672.045399999	0.96897	337	0.94663	164888.1854	0.03103	19	0.05337
22143	猴魁	5295299.8533	0.00024	545	0.00043	5243584.6477	0.99023	495	0.90826	51715.2056	0.00977	50	0.09174
17754	香蕉干	5092882.411399999	0.00023	771	0.0006	4465866.592400002	0.87688	734	0.95201	627015.819	0.12312	37	0.04799
17639	碳酸饮料	5075231.221500001	0.00023	1599	0.00125	4731488.101599998	0.93227	1536	0.9606	343743.1199	0.06773	63	0.0394
17672	糯米	4983395.035199998	0.00023	1347	0.00106	4932717.848799998	0.98983	1280	0.95026	50677.1864	0.01017	67	0.04974
17910	酱卤制品	4806392.397600002	0.00022	158	0.00012	883161.2112	0.18375	106	0.67089	3923231.1864	0.81625	52	0.32911
17788	酸梅汤	4714569.014799994	0.00021	1105	0.00087	4543550.579299996	0.96373	1000	0.90498	171018.43550000005	0.03627	105	0.09502
17779	柠檬片	4543783.159299998	0.00021	936	0.00073	4417919.819499998	0.9723	850	0.90812	125863.3398	0.0277	86	0.09188
22424	香榧子	4518872.804800002	0.0002	115	9e-05	4484472.853800002	0.99239	104	0.90435	34399.951	0.00761	11	0.09565
23882	菜干类	4492808.400199998	0.0002	1416	0.00111	4351212.852799999	0.96848	1265	0.89336	141595.54739999998	0.03152	151	0.10664
22447	核桃油	4464200.763500002	0.0002	456	0.00036	4357553.5748000005	0.97611	424	0.92982	106647.1887	0.02389	32	0.07018
17661	黄豆	4358430.399199999	0.0002	1576	0.00123	4285597.064500002	0.98329	1486	0.94289	72833.33470000002	0.01671	90	0.05711
23880	竹荪	4299018.910400001	0.00019	601	0.00047	3996583.826800001	0.92965	501	0.83361	302435.0836	0.07035	100	0.16639
17900	罗布麻	4074523.1797000016	0.00018	452	0.00035	303096.67860000016	0.07439	175	0.38717	3771426.501099999	0.92561	277	0.61283
22173	豆瓣酱	4062098.5711999997	0.00018	849	0.00067	4000544.6303	0.98485	815	0.95995	61553.94090000001	0.01515	34	0.04005
22157	冻顶乌龙	3855650.1448000013	0.00017	403	0.00032	3708531.9606000013	0.96184	372	0.92308	147118.1842	0.03816	31	0.07692
17337	其他西点/蛋挞	3843870.517499998	0.00017	179	0.00014	3832525.289799998	0.99705	168	0.93855	11345.227700000003	0.00295	11	0.06145
22149	英红	3798256.697499999	0.00017	503	0.00039	3713093.3959999993	0.97758	472	0.93837	85163.30149999999	0.02242	31	0.06163
22434	玉米碴	3796059.905300001	0.00017	300	0.00024	3631545.4297000007	0.95666	280	0.93333	164514.4756	0.04334	20	0.06667
22175	果酱	3719257.8179999995	0.00017	878	0.00069	3491668.094	0.93881	832	0.94761	227589.72400000005	0.06119	46	0.05239
23871	百合	3713923.733299999	0.00017	397	0.00031	2400728.9501999994	0.64641	287	0.72292	1313194.7831000003	0.35359	110	0.27708
17653	椰子油	3583717.222400002	0.00016	339	0.00027	3576161.2150000026	0.99789	320	0.94395	7556.0073999999995	0.00211	19	0.05605
22327	麦片组合套装	3397066.205400002	0.00015	142	0.00011	3363464.7554000025	0.99011	137	0.96479	33601.45	0.00989	5	0.03521
17665	黑豆	3378724.1749000032	0.00015	1071	0.00084	3020290.8910000017	0.89391	994	0.9281	358433.28390000004	0.10609	77	0.0719
17690	果冻/布丁粉	3205021.2975000013	0.00015	1503	0.00118	3137088.7970999996	0.9788	1457	0.96939	67932.5004	0.0212	46	0.03061
17728	火腿	3148162.330799998	0.00014	535	0.00042	2611071.802499998	0.8294	436	0.81495	537090.5283	0.1706	99	0.18505
22261	挂耳咖啡	2993843.1186999995	0.00014	265	0.00021	2065713.3421999998	0.68999	218	0.82264	928129.7764999998	0.31001	47	0.17736
21377	盐	2989578.6473	0.00014	439	0.00034	2932979.7673000004	0.98107	386	0.87927	56598.880000000005	0.01893	53	0.12073
17719	羊肉类	2920167.3069	0.00013	340	0.00027	2837259.6329000005	0.97161	325	0.95588	82907.674	0.02839	15	0.04412
23877	猴头菇	2888961.0117	0.00013	355	0.00028	2594074.7783	0.89793	288	0.81127	294886.23339999997	0.10207	67	0.18873
17666	花生	2716031.2624000027	0.00012	831	0.00065	2627124.6903000013	0.96727	735	0.88448	88906.5721	0.03273	96	0.11552
22430	椰子片	2599388.1693	0.00012	183	0.00014	2597006.7868000004	0.99908	178	0.97268	2381.3825	0.00092	5	0.02732
17772	金桔干	2580465.3947	0.00012	431	0.00034	2512430.9635	0.97363	389	0.90255	68034.43119999999	0.02637	42	0.09745
17763	苹果干	2575602.6323000006	0.00012	250	0.0002	2410415.6474000006	0.93586	233	0.932	165186.98489999998	0.06414	17	0.068
22330	复合麦片	2179328.8800999997	0.0001	63	5e-05	2178004.7723	0.99939	49	0.77778	1324.1078	0.00061	14	0.22222
22168	小苏打	2106995.532999999	0.0001	489	0.00038	2084391.8016999986	0.98927	448	0.91616	22603.7313	0.01073	41	0.08384
17764	猕猴桃干	2052243.1113999996	9e-05	380	0.0003	1278071.5645999997	0.62277	350	0.92105	774171.5467999999	0.37723	30	0.07895
22442	奇亚籽	1983389.3152	9e-05	94	7e-05	1937363.9163000002	0.97679	87	0.92553	46025.3989	0.02321	7	0.07447
17641	茶饮料	1976209.5328000009	9e-05	554	0.00043	1679436.863700001	0.84983	508	0.91697	296772.66909999994	0.15017	46	0.08303
23873	黑枸杞	1953311.565600001	9e-05	310	0.00024	1621903.1476000007	0.83034	198	0.63871	331408.418	0.16966	112	0.36129
22322	杂粮面粉	1945439.7433999993	9e-05	600	0.00047	1899399.9862999993	0.97633	567	0.945	46039.7571	0.02367	33	0.055
21461	火腿	1930362.5806999994	9e-05	190	0.00015	1792760.9159999997	0.92872	148	0.77895	137601.66470000002	0.07128	42	0.22105
17839	阿胶糕/固元糕	1929797.4	9e-05	9	1e-05	632832.3999999999	0.32793	6	0.66667	1296965.0	0.67207	3	0.33333
22177	花椒油	1855285.0984	8e-05	394	0.00031	1794735.3057	0.96736	377	0.95685	60549.7927	0.03264	17	0.04315
22328	米稀米糊	1823584.5216999997	8e-05	182	0.00014	1802286.0836999998	0.98832	135	0.74176	21298.438	0.01168	47	0.25824
17663	绿豆	1744915.3177999991	8e-05	1165	0.00091	1673433.4620999994	0.95903	1089	0.93476	71481.85570000001	0.04097	76	0.06524
17701	年糕	1727355.9148000008	8e-05	917	0.00072	1619299.8336000012	0.93744	808	0.88113	108056.0812	0.06256	109	0.11887
17336	披萨	1619474.3738999995	7e-05	199	0.00016	1574611.8492999994	0.9723	178	0.89447	44862.5246	0.0277	21	0.10553
17643	乳酸菌饮料	1594725.4662999995	7e-05	413	0.00032	1564918.9599999995	0.98131	401	0.97094	29806.506299999997	0.01869	12	0.02906
20075	杂粮粉	1420055.8474999997	6e-05	460	0.00036	1418996.3712999998	0.99925	449	0.97609	1059.4762	0.00075	11	0.02391
17800	酸梅粉	1394271.914200001	6e-05	673	0.00053	1374507.809000001	0.98582	641	0.95245	19764.105199999998	0.01418	32	0.04755
23878	茶树菇	1344745.387499999	6e-05	425	0.00033	755589.0363000004	0.56188	360	0.84706	589156.3512	0.43812	65	0.15294
17725	腊肉	1285416.7842	6e-05	398	0.00031	1117041.0851	0.86901	319	0.80151	168375.6991	0.13099	79	0.19849
23828	蜂蜜柚子茶	1242936.3982000006	6e-05	242	0.00019	1206607.2925000007	0.97077	210	0.86777	36329.1057	0.02923	32	0.13223
17777	菠萝蜜干	1234421.6506	6e-05	266	0.00021	1007337.4685999999	0.81604	249	0.93609	227084.18199999997	0.18396	17	0.06391
17774	橄榄	1098870.4744999993	5e-05	755	0.00059	1065616.4762000002	0.96974	646	0.85563	33253.9983	0.03026	109	0.14437
17778	菠萝/凤梨干	1093062.5571000003	5e-05	351	0.00027	825898.9571000005	0.75558	339	0.96581	267163.60000000003	0.24442	12	0.03419
22435	荞麦	1038542.0357000005	5e-05	239	0.00019	979525.6521000003	0.94317	199	0.83264	59016.383599999994	0.05683	40	0.16736
22323	罐头	1017056.3338999997	5e-05	215	0.00017	967627.2144999997	0.9514	180	0.83721	49429.1194	0.0486	35	0.16279
17335	蛋糕	980557.8454999999	4e-05	103	8e-05	744665.7113000001	0.75943	80	0.7767	235892.13419999997	0.24057	23	0.2233
23832	其它蜜种	810060.3191	4e-05	327	0.00026	139481.12160000004	0.17219	135	0.41284	670579.1974999999	0.82781	192	0.58716
17781	南瓜干	684082.9075000002	3e-05	129	0.0001	682518.3928000001	0.99771	122	0.94574	1564.5147	0.00229	7	0.05426
22332	麦片组合套装	676133.3821000003	3e-05	83	7e-05	671803.7821000003	0.9936	82	0.98795	4329.6	0.0064	1	0.01205
17904	牛内脏附件	667462.0317000003	3e-05	36	3e-05	642961.1868000001	0.96329	17	0.47222	24500.844900000004	0.03671	19	0.52778
22269	咖啡伴侣	666865.8975999999	3e-05	48	4e-05	660652.2087	0.99068	39	0.8125	6213.6889	0.00932	9	0.1875
17644	苏打水	536064.6061	2e-05	75	6e-05	484666.59689999995	0.90412	59	0.78667	51398.0092	0.09588	16	0.21333
17897	牛腱子	530520.5425	2e-05	68	5e-05	73917.5978	0.13933	25	0.36765	456602.94470000005	0.86067	43	0.63235
23872	虫草花	529802.8893	2e-05	104	8e-05	202878.20100000003	0.38293	74	0.71154	326924.6883000001	0.61707	30	0.28846
22178	豆豉	526724.0656	2e-05	255	0.0002	519844.9789	0.98694	250	0.98039	6879.0867	0.01306	5	0.01961
17899	牛肉卷/牛肉片	482797.1666	2e-05	110	9e-05	167540.6966	0.34702	27	0.24545	315256.47000000003	0.65298	83	0.75455
22151	宁红	476120.0433	2e-05	73	6e-05	259383.52429999996	0.54479	65	0.89041	216736.51899999997	0.45521	8	0.10959
22429	加应子/李子干	436115.0088	2e-05	41	3e-05	435709.6916	0.99907	38	0.92683	405.3172	0.00093	3	0.07317
22270	咖啡液	379202.9743	2e-05	21	2e-05	379172.9743	0.99992	20	0.95238	30.0	8e-05	1	0.04762
23830	洋槐蜜	349318.69139999995	2e-05	36	3e-05	20775.3219	0.05947	15	0.41667	328543.36950000003	0.94053	21	0.58333
22426	蓝莓干	313962.34650000004	1e-05	70	5e-05	311887.6896	0.99339	63	0.9	2074.6569	0.00661	7	0.1
22443	驼奶粉	272532.43299999996	1e-05	15	1e-05	272532.43299999996	1.0	12	0.8	0.0	0.0	3	0.2
23831	百花蜜	242122.02479999993	1e-05	99	8e-05	18191.8393	0.07514	31	0.31313	223930.18549999996	0.92486	68	0.68687
21460	培根	227917.08950000003	1e-05	54	4e-05	221747.7702	0.97293	44	0.81481	6169.319299999999	0.02707	10	0.18519
17901	牛肉串/牛肉馅	223151.95829999997	1e-05	38	3e-05	77382.197	0.34677	16	0.42105	145769.7613	0.65323	22	0.57895
17896	牛腩	212264.97379999995	1e-05	35	3e-05	206600.11879999997	0.97331	22	0.62857	5664.8550000000005	0.02669	13	0.37143
22440	亚麻籽	208708.1563	1e-05	47	4e-05	191711.1922	0.91856	39	0.82979	16996.964099999997	0.08144	8	0.17021
17880	肉酥/肉松	201747.96310000002	1e-05	31	2e-05	201679.82970000003	0.99966	29	0.93548	68.1334	0.00034	2	0.06452
22436	高粱	176342.97039999996	1e-05	99	8e-05	139217.64560000008	0.78947	88	0.88889	37125.324799999995	0.21053	11	0.11111
22150	宜红	154770.59809999997	1e-05	75	6e-05	151516.65389999998	0.97898	70	0.93333	3253.9442	0.02102	5	0.06667
22161	青砖茶	118471.42179999998	1e-05	57	4e-05	112504.56379999997	0.94963	55	0.96491	5966.858	0.05037	2	0.03509
17887	饼干/磨牙棒	117733.64929999999	1e-05	16	1e-05	117733.64929999999	1.0	16	1.0	0	0.0	0	0
22439	红米	113065.5616	1e-05	41	3e-05	97248.1016	0.8601	35	0.85366	15817.460000000001	0.1399	6	0.14634
22438	芸豆	110205.16090000002	0.0	83	7e-05	105252.72990000002	0.95506	75	0.90361	4952.431	0.04494	8	0.09639
21976	补气养血类	109269.2554	0.0	20	2e-05	0	0.0	0	0	109269.2554	1.0	20	1.0
22428	酸角/甜角	104998.6509	0.0	109	9e-05	78605.16479999998	0.74863	95	0.87156	26393.4861	0.25137	14	0.12844
17884	糖果/果条	91859.7767	0.0	5	0.0	91859.7767	1.0	5	1.0	0	0.0	0	0
17882	鱼肠/肉肠	73701.8409	0.0	22	2e-05	73587.5551	0.99845	21	0.95455	114.2858	0.00155	1	0.04545
21448	即炖/即泡燕窝	66958.8	0.0	8	1e-05	66958.8	1.0	8	1.0	0	0.0	0	0
22441	青稞	60327.6382	0.0	17	1e-05	60327.6382	1.0	17	1.0	0	0.0	0	0
23829	椴树蜜	58103.805400000005	0.0	43	3e-05	37970.4289	0.65349	25	0.5814	20133.376500000002	0.34651	18	0.4186
17908	培根	51907.95359999999	0.0	15	1e-05	37683.06	0.72596	7	0.46667	14224.8936	0.27404	8	0.53333
17597	眼部按摩器	36860.2515	0.0	6	0.0	0	0.0	0	0	36860.2515	1.0	6	1.0
22331	膨化谷物	35787.03459999999	0.0	24	2e-05	35693.0746	0.99737	19	0.79167	93.96	0.00263	5	0.20833
17883	奶片/奶酪	33118.45	0.0	1	0.0	33118.45	1.0	1	1.0	0	0.0	0	0
21446	常温即食	23812.4278	0.0	13	1e-05	16239.9278	0.68199	9	0.69231	7572.5	0.31801	4	0.30769
22437	小麦仁	12046.702800000001	0.0	51	4e-05	12046.702800000001	1.0	51	1.0	0	0.0	0	0
17886	海苔	7820.1952	0.0	8	1e-05	7820.1952	1.0	8	1.0	0	0.0	0	0
17909	火腿	5365.944600000001	0.0	21	2e-05	3882.1157000000003	0.72347	18	0.85714	1483.8289	0.27653	3	0.14286
17881	米饼/泡芙	5030.4181	0.0	6	0.0	5030.4181	1.0	5	0.83333	0.0	0.0	1	0.16667
22445	牛奶粉	2981.9998	0.0	1	0.0	2981.9998	1.0	1	1.0	0	0.0	0	0
21447	鲜炖燕窝	2620.2666999999997	0.0	6	0.0	1930.6667	0.73682	3	0.5	689.6	0.26318	3	0.5
22431	樱桃干/车厘子干	2564.4267	0.0	9	1e-05	2564.4267	1.0	7	0.77778	0.0	0.0	2	0.22222
17928	其它鹿类滋补品	2483.0	0.0	5	0.0	2483.0	1.0	5	1.0	0	0.0	0	0
17889	溶豆/小馒头	1892.0	0.0	7	1e-05	1892.0	1.0	7	1.0	0	0.0	0	0
21449	干燕窝	1510.8025	0.0	3	0.0	1510.8025	1.0	2	0.66667	0.0	0.0	1	0.33333
17829	孕产妇洗发护发	414.0	0.0	1	0.0	0	0.0	0	0	414.0	1.0	1	1.0
21985	消食化积类	301.4	0.0	2	0.0	301.4	1.0	2	1.0	0	0.0	0	0
23742	紫米	0.0	0.0	1	0.0	0	0	0	0	0.0	0	1	1.0
17921	灵芝孢子粉	0.0	0.0	1	0.0	0	0	0	0	0.0	0	1	1.0