17715	饼干	664404268.0611264	0.03469666666666667	45389.0	0.03685666666666667	587038925.1097287	0.8849666666666667	43280.0	0.9535566666666667	77365342.95140001	0.11503333333333333	2108.0	0.046443333333333336
17732	零食大礼包	642149810.4454331	0.03311	13935.0	0.011316666666666664	596277802.2260662	0.9302333333333334	12570.0	0.9020299999999999	45872008.21936667	0.06976666666666666	1365.0	0.09797
17729	其它休闲零食	636281625.1215979	0.03304666666666667	59743.0	0.04850000000000001	530119101.3339003	0.84176	54740.0	0.91627	106162523.78770022	0.15824000000000002	5003.0	0.08373000000000001
17798	全脂纯牛奶	617306165.5024675	0.03177666666666667	7373.0	0.005993333333333333	609462243.6113342	0.9885700000000001	7093.0	0.9619066666666667	7843921.891133334	0.011430000000000001	280.0	0.03809333333333333
17713	西式糕点	585026221.9675635	0.030613333333333336	26933.0	0.02187	546327075.2515311	0.9377466666666666	25086.0	0.9314566666666667	38699146.71603332	0.06225333333333333	1847.0	0.06854333333333333
17714	中式糕点	515452619.10883254	0.026833333333333334	58637.0	0.047556666666666664	496835366.74826646	0.9660866666666666	55572.0	0.94773	18617252.36056665	0.03391333333333334	3065.0	0.052270000000000004
17743	坚果礼盒	467044113.1192	0.024193333333333334	4385.0	0.0035666666666666663	438840074.3617334	0.9221033333333333	3861.0	0.8802333333333333	28204038.757466663	0.07789666666666667	524.0	0.11976666666666665
17720	鸡鸭零食	457566058.8990989	0.02372666666666667	19541.0	0.015863333333333333	432595459.2022659	0.9457166666666668	18624.0	0.9530966666666666	24970599.69683333	0.05428333333333333	916.0	0.04690333333333333
17693	方便面	419225698.0992002	0.021846666666666667	26207.0	0.021286666666666666	408745266.28296715	0.9743966666666667	25392.0	0.9689200000000001	10480431.816233335	0.02560333333333333	814.0	0.03108
17807	其它冲饮	336855968.2834021	0.01736	25060.0	0.020343333333333335	296342805.1160012	0.8759033333333334	19547.0	0.7799	40513163.16739996	0.12409666666666667	5513.0	0.2201
17716	面包	312620740.5250347	0.01629	12313.0	0.009996666666666668	303777338.47163457	0.9730166666666666	11714.0	0.9513066666666666	8843402.053399997	0.02698333333333333	599.0	0.04869333333333333
17752	枣	298885138.54103374	0.015786666666666668	14912.0	0.012113333333333332	279983602.45566636	0.9363466666666667	13895.0	0.9317733333333335	18901536.085366663	0.06365333333333334	1017.0	0.06822666666666666
17809	速溶咖啡	297187399.6799341	0.015349999999999997	8808.0	0.007153333333333334	286352365.00740075	0.96496	8214.0	0.93264	10835034.672533335	0.035039999999999995	593.0	0.06735999999999999
17805	纯麦片	267730410.1186007	0.013616666666666666	11969.0	0.009716666666666667	254877180.0972674	0.9533999999999999	11599.0	0.96909	12853230.021333331	0.046599999999999996	370.0	0.030910000000000003
17744	每日坚果	265560229.93760014	0.013776666666666666	4326.0	0.0035133333333333336	257396608.1642336	0.9691566666666667	4146.0	0.95845	8163621.773366668	0.030843333333333334	179.0	0.041550000000000004
17722	牛肉类	263417481.79170045	0.01369	13666.0	0.011096666666666666	259700253.28183365	0.9859366666666666	13115.0	0.9596499999999999	3717228.50986667	0.014063333333333332	551.0	0.040350000000000004
17712	巧克力	257665298.27433404	0.013700000000000002	12095.0	0.009826666666666666	247533302.02636743	0.9594733333333333	11495.0	0.9503933333333333	10131996.247966664	0.04052666666666666	600.0	0.04960666666666667
22145	金骏眉	257078626.5452	0.01328	4579.0	0.0037199999999999998	253952150.12610006	0.9875233333333333	4312.0	0.9417433333333335	3126476.4191	0.012476666666666669	266.0	0.05825666666666666
17797	酸奶	246602362.53056702	0.012706666666666666	6120.0	0.00497	230160696.53983378	0.93565	5597.0	0.9144966666666666	16441665.990733346	0.06435	523.0	0.08550333333333333
22136	熟普	234262642.21829987	0.011973333333333334	12381.0	0.010050000000000002	227211631.28536662	0.97107	11671.0	0.9426633333333333	7051010.932933335	0.028929999999999997	710.0	0.05733666666666667
17629	饼干	209872676.82376778	0.010986666666666667	17310.0	0.01405	186623468.98816773	0.8867599999999999	16526.0	0.9547599999999999	23249207.8356	0.11324000000000001	784.0	0.04524
17696	方便火锅	190060536.3124002	0.009779999999999999	6367.0	0.00517	184611691.9659667	0.9708	6191.0	0.9724366666666665	5448844.346433333	0.0292	175.0	0.027563333333333332
17718	猪肉类	188114602.59633327	0.009823333333333333	6447.0	0.005233333333333333	186157845.71179995	0.98964	6103.0	0.9466899999999999	1956756.8845333334	0.01036	344.0	0.05331
18595	其它方便食品	182391771.12886706	0.00927	13852.0	0.011243333333333333	142457492.19913337	0.81547	12430.0	0.8974333333333333	39934278.92973336	0.18453	1421.0	0.10256666666666668
17632	巧克力	178201491.3817335	0.009356666666666668	7806.0	0.006339999999999999	172197324.31523332	0.9664566666666667	7330.0	0.9389766666666666	6004167.066500002	0.033543333333333335	476.0	0.06102333333333334
22135	生普	175672544.95506662	0.00872	11355.0	0.009206666666666667	167607268.20473322	0.9420066666666668	10193.0	0.8976233333333333	8065276.750333339	0.05799333333333332	1162.0	0.10237666666666666
22344	稻花香米	175423949.3366002	0.00907	3514.0	0.0028566666666666666	169925398.4186669	0.9695233333333334	3154.0	0.8975733333333333	5498550.917933333	0.030476666666666666	360.0	0.10242666666666667
17730	豆干制品	173825828.55746675	0.009033333333333332	18778.0	0.015243333333333333	169339827.9926667	0.9738366666666667	18049.0	0.9612133333333334	4486000.564799999	0.026163333333333334	728.0	0.038786666666666664
17748	瓜子	172243435.11023346	0.009009999999999999	9447.0	0.007673333333333333	168839670.5703	0.9792933333333332	8821.0	0.9337366666666668	3403764.539933333	0.02070666666666667	626.0	0.06626333333333333
21381	火锅底料	166772239.37023342	0.00876	12095.0	0.009823333333333335	157438677.28239998	0.9440133333333334	11700.0	0.9673599999999999	9333562.087833332	0.055986666666666664	395.0	0.03264
17677	花生油	146396901.23023328	0.007336666666666666	1908.0	0.00155	145783037.49133328	0.9957633333333332	1803.0	0.94487	613863.7388999999	0.004236666666666666	105.0	0.055130000000000005
17631	糖果	143976147.1368333	0.007599999999999999	11142.0	0.00905	129764050.36063312	0.89942	10175.0	0.9132833333333333	14212096.776200006	0.10058	966.0	0.08671666666666666
17793	蛋白质饮料	142868779.09486684	0.007233333333333334	2699.0	0.0021933333333333336	118984321.61549999	0.8325033333333333	2514.0	0.9315066666666666	23884457.47936668	0.16749666666666665	185.0	0.06849333333333334
21383	其他酱料	142799905.43453288	0.0074199999999999995	31866.0	0.025853333333333336	137906425.7096994	0.96653	30724.0	0.9642	4893479.724833332	0.03347	1141.0	0.0358
18596	其它糖果	142716551.97926685	0.00747	12503.0	0.01016	112544141.68060017	0.7739066666666666	11420.0	0.9133233333333334	30172410.298666675	0.22609333333333334	1083.0	0.08667666666666667
17740	核桃	142383935.00623345	0.007456666666666666	4437.0	0.0036033333333333334	138022338.2263001	0.9694099999999999	4082.0	0.9200033333333333	4361596.779933334	0.030590000000000003	355.0	0.07999666666666666
17692	其它烘焙原料	139769064.18973273	0.00733	19291.0	0.015653333333333335	132320949.0921328	0.9455300000000001	18376.0	0.9526233333333334	7448115.097599998	0.05447	914.0	0.04737666666666667
17723	即食海味	136105913.09390023	0.007006666666666667	10928.0	0.008869999999999998	127501313.6858669	0.94064	10437.0	0.9551233333333333	8604599.408033334	0.059359999999999996	490.0	0.04487666666666667
17695	罐头	133714008.49203308	0.00697	9836.0	0.007986666666666668	120786481.96196647	0.9008200000000001	9215.0	0.9368533333333332	12927526.530066667	0.09918	621.0	0.06314666666666667
17628	全脂纯牛奶	131044949.38503349	0.006673333333333333	2217.0	0.0017966666666666667	130136440.59156682	0.99329	2148.0	0.9689333333333333	908508.7934666667	0.006710000000000001	69.0	0.03106666666666667
17812	奶茶	129880453.25336635	0.006783333333333333	9554.0	0.007756666666666666	123392324.60459967	0.9489733333333333	9005.0	0.94254	6488128.648766667	0.05102666666666667	549.0	0.057460000000000004
17906	其它传统滋补	129358871.76753299	0.0067866666666666665	11369.0	0.00924	106345125.66656633	0.8203166666666667	8853.0	0.7787066666666668	23013746.100966677	0.17968333333333333	2516.0	0.22129333333333334
18600	其它蜜饯果干	126779489.63133323	0.006713333333333334	10894.0	0.008843333333333333	121478821.22299989	0.9571366666666666	9860.0	0.90505	5300668.408333334	0.04286333333333334	1034.0	0.09494999999999999
21782	膨化食品	126665818.33073308	0.006646666666666666	8306.0	0.006746666666666667	96913545.08806638	0.76428	7761.0	0.93443	29752273.242666673	0.23572	545.0	0.06557
17738	松子	122996383.99919993	0.00645	1877.0	0.0015233333333333334	109955541.0678333	0.8965033333333334	1684.0	0.8974166666666666	13040842.931366669	0.10349666666666667	192.0	0.10258333333333332
21389	其他调味料	121228054.36903279	0.006370000000000001	25166.0	0.02042	108232160.84479932	0.8917833333333333	23411.0	0.9301666666666667	12995893.524233336	0.10821666666666667	1755.0	0.06983333333333333
17734	奶酪	117065396.58346666	0.005943333333333333	3112.0	0.0025266666666666666	114382987.18690002	0.9769833333333334	2977.0	0.9565166666666666	2682409.3965666667	0.023016666666666668	135.0	0.04348333333333334
21379	榨菜/酱腌菜	115020757.21926667	0.005993333333333333	22741.0	0.018453333333333332	110552485.11989994	0.9599233333333332	21865.0	0.9614766666666666	4468272.099366664	0.04007666666666667	876.0	0.03852333333333333
22265	速溶咖啡	107591803.47639985	0.005496666666666667	6052.0	0.00491	104740894.44689985	0.9756966666666668	5841.0	0.96514	2850909.0294999997	0.024303333333333333	211.0	0.03486
17727	鸡鸭熟食	104551287.48606656	0.005436666666666667	3939.0	0.0031966666666666667	97629293.30233325	0.93942	3647.0	0.9259566666666667	6921994.183733332	0.06058	291.0	0.07404333333333334
17694	米粉/米线	104099974.26653314	0.0054133333333333325	11103.0	0.00901	101782835.09529984	0.97744	10608.0	0.9554299999999999	2317139.171233333	0.022559999999999997	495.0	0.04457
22158	其他乌龙茶	101642560.79043357	0.005313333333333333	5663.0	0.004593333333333334	98346342.7918002	0.9676833333333333	5129.0	0.9058333333333333	3296217.9986333326	0.03231666666666667	533.0	0.09416666666666666
21373	酱油	100859491.53366657	0.005136666666666667	6894.0	0.0056	96320054.04939985	0.9537666666666667	6395.0	0.9277133333333333	4539437.484266668	0.04623333333333333	498.0	0.07228666666666667
17735	夏威夷果	100808817.90393329	0.005243333333333333	1662.0	0.0013499999999999999	100503214.65753329	0.9968633333333333	1581.0	0.9512766666666668	305603.24639999995	0.0031366666666666665	81.0	0.048723333333333334
18601	其它乳品/制品	95477428.15369993	0.004933333333333333	1898.0	0.0015466666666666667	94234376.29396659	0.9871800000000001	1767.0	0.9309833333333334	1243051.8597333336	0.01282	131.0	0.06901666666666667
22146	正山小种	95056215.72376664	0.00488	3455.0	0.002806666666666667	93830079.96853332	0.9871233333333334	3187.0	0.9224433333333333	1226135.7552333332	0.012876666666666666	268.0	0.07755666666666666
17655	方便面/粉	93565957.72869985	0.004873333333333333	7642.0	0.006203333333333332	92186254.64819986	0.9852966666666667	7363.0	0.9636066666666667	1379703.0805	0.014703333333333332	278.0	0.03639333333333333
17789	果蔬汁/饮料	92313868.62763311	0.0047866666666666665	9369.0	0.007606666666666667	80653724.72019984	0.88253	8514.0	0.9087999999999999	11660143.907433333	0.11747	854.0	0.0912
17737	腰果	90820834.40336664	0.004736666666666666	2232.0	0.0018133333333333332	87807801.82999998	0.9652866666666666	2135.0	0.9563866666666666	3013032.5733666667	0.03471333333333334	97.0	0.04361333333333334
17697	方便米饭	89843963.16876666	0.0046433333333333335	4544.0	0.003693333333333333	85647602.09533332	0.9546666666666667	4287.0	0.9432999999999999	4196361.073433333	0.04533333333333334	257.0	0.0567
17674	挂面	89682266.29980008	0.0046700000000000005	9522.0	0.0077333333333333325	87058108.72093333	0.97072	9010.0	0.9462	2624157.5788666666	0.02928	512.0	0.053799999999999994
22153	大红袍	85383479.40696655	0.004426666666666666	4481.0	0.0036366666666666665	83241115.0662999	0.9693266666666668	4204.0	0.9381499999999999	2142364.3406666657	0.03067333333333333	277.0	0.061849999999999995
17676	玉米油	84634588.66559996	0.004256666666666666	1356.0	0.0011	83588746.87589996	0.98712	1312.0	0.96753	1045841.7897000001	0.01288	44.0	0.03247
17794	茶饮料	84158957.03586662	0.0042833333333333334	4637.0	0.003766666666666667	76216745.02019995	0.89621	3903.0	0.8417166666666667	7942212.015666667	0.10379	734.0	0.15828333333333333
17679	调和油	81046220.79179996	0.00418	2206.0	0.00179	80725898.97133328	0.9961099999999999	2141.0	0.9705300000000001	320321.8204666667	0.00389	65.0	0.02947
17736	开心果	80096196.99826665	0.004156666666666666	1550.0	0.0012566666666666666	79959023.98023331	0.9979066666666666	1467.0	0.9464533333333334	137173.01803333333	0.002093333333333333	83.0	0.053546666666666666
22144	其他绿茶	76333669.79436645	0.0039366666666666664	7598.0	0.006166666666666667	68909900.5590332	0.8964166666666666	6530.0	0.8594133333333334	7423769.235333331	0.10358333333333332	1067.0	0.14058666666666667
17681	菜籽油	75658582.98306665	0.003876666666666667	1850.0	0.0015000000000000002	74572102.19876665	0.9858333333333333	1761.0	0.9520666666666667	1086480.7843	0.014166666666666666	88.0	0.047933333333333335
17634	膨化食品	74047372.63263313	0.0038399999999999997	7743.0	0.006283333333333333	64532042.91863313	0.8814299999999999	7006.0	0.9048999999999999	9515329.714000003	0.11857	737.0	0.0951
17767	芒果干	72122554.28353332	0.00378	3044.0	0.002473333333333333	71610431.67086667	0.9927833333333332	2936.0	0.9645533333333334	512122.6126666667	0.007216666666666666	108.0	0.03544666666666667
22324	水果麦片	71923772.62199996	0.003626666666666667	1235.0	0.0010033333333333333	71716125.76126663	0.99602	1202.0	0.9733033333333333	207646.86073333336	0.00398	33.0	0.026696666666666664
17731	果冻/布丁	70216058.77499981	0.0037066666666666667	5573.0	0.004523333333333333	64005041.293233156	0.9098366666666667	5043.0	0.9049366666666666	6211017.481766667	0.09016333333333333	530.0	0.09506333333333333
17796	乳酸菌乳品	70028327.9053666	0.003586666666666667	2224.0	0.0018066666666666665	69503185.49343328	0.9927833333333332	2150.0	0.9669333333333333	525142.4119333333	0.007216666666666667	73.0	0.03306666666666667
17780	混合蔬果干	68691083.54173325	0.0035566666666666663	3592.0	0.002916666666666667	65226177.55469996	0.9520399999999999	3403.0	0.9472266666666668	3464905.9870333336	0.04796	189.0	0.05277333333333334
17670	其它杂粮	67933223.73936643	0.0035433333333333337	11061.0	0.008976666666666668	61015447.29126644	0.8972700000000001	10128.0	0.91569	6917776.448100002	0.10273	933.0	0.08431
17630	糕点	67413234.3174332	0.0035066666666666666	5354.0	0.004346666666666667	64463484.6851332	0.9545833333333333	5044.0	0.9420666666666667	2949749.6323	0.04541666666666666	310.0	0.05793333333333334
17749	花生	67220552.70509987	0.0035166666666666666	7456.0	0.006053333333333334	64399158.764033236	0.9548366666666667	6851.0	0.9187966666666666	2821393.941066667	0.04516333333333333	605.0	0.08120333333333334
18597	其它肉干肉脯	66899123.60566667	0.003533333333333333	3626.0	0.002943333333333333	43201637.35576666	0.6816599999999999	3363.0	0.9274266666666667	23697486.249899995	0.31834	263.0	0.07257333333333334
17739	杏仁/巴旦木	64995746.96963328	0.0034133333333333338	1631.0	0.0013233333333333333	61086086.05399995	0.9440566666666667	1510.0	0.92584	3909660.9156333324	0.05594333333333334	121.0	0.07416
17799	芝麻糊	62736040.836533286	0.003256666666666667	2211.0	0.0017933333333333332	60480748.600333296	0.9676100000000001	2082.0	0.94185	2255292.2361999997	0.03239	128.0	0.05815
21390	食糖	61882016.314799845	0.003226666666666667	7581.0	0.00615	59381771.72906656	0.9620000000000001	6966.0	0.91887	2500244.585733333	0.038	614.0	0.08113
17787	碳酸饮料	61652087.846599914	0.0032033333333333336	4266.0	0.0034633333333333335	58277944.9786999	0.9432966666666666	3989.0	0.93508	3374142.8679000004	0.05670333333333333	277.0	0.06491999999999999
21385	复合调味料	61038678.75253316	0.003183333333333333	16305.0	0.01323	55538535.84306651	0.9132033333333333	15455.0	0.9479166666666666	5500142.909466664	0.08679666666666667	850.0	0.052083333333333336
17680	葵花籽油	60584679.88186663	0.0030833333333333333	915.0	0.0007433333333333334	56653662.44113329	0.9292166666666667	877.0	0.9584933333333333	3931017.4407333336	0.07078333333333332	38.0	0.041506666666666664
17675	小麦面粉	60324495.36859981	0.003146666666666667	8949.0	0.00726	58999362.8675665	0.9776466666666667	8664.0	0.96812	1325132.5010333334	0.022353333333333333	285.0	0.03188
22119	低脂纯牛奶	59306439.59383333	0.0030433333333333332	233.0	0.00019000000000000004	59285840.56706665	0.9995233333333333	226.0	0.9699733333333334	20599.02676666667	0.00047666666666666663	7.0	0.030026666666666663
18599	其它坚果炒货	58516666.613666706	0.00305	3343.0	0.0027133333333333332	49020596.83573332	0.8293033333333334	2882.0	0.8622233333333335	9496069.777933335	0.1706966666666667	460.0	0.13777666666666666
22343	长粒香米	58114195.07749993	0.0030299999999999997	2517.0	0.002043333333333333	54113278.22253326	0.9317866666666667	2215.0	0.87995	4000916.8549666665	0.06821333333333333	302.0	0.12004999999999999
17657	米	56124792.049099915	0.0028933333333333333	2264.0	0.0018366666666666668	54722822.997999914	0.9724066666666666	2033.0	0.8978933333333333	1401969.0511	0.027593333333333334	231.0	0.10210666666666668
17766	梅子干	55567706.98303332	0.002843333333333333	5569.0	0.00452	54046527.15929999	0.9718333333333332	5102.0	0.9162666666666667	1521179.8237333328	0.028166666666666663	466.0	0.08373333333333334
17810	咖啡豆	55408545.370266624	0.002846666666666667	5499.0	0.0044666666666666665	51888721.36866661	0.93447	5039.0	0.91634	3519824.001600001	0.06552999999999999	460.0	0.08366
20072	海苔	55305035.96679995	0.002813333333333333	2669.0	0.00217	49588093.1415666	0.9261400000000001	2473.0	0.9265833333333333	5716942.825233333	0.07386	196.0	0.07341666666666667
20074	混合五谷粉	54345409.84133329	0.0027899999999999995	2050.0	0.0016633333333333333	48705936.61439995	0.8991166666666667	1868.0	0.91119	5639473.226933334	0.10088333333333332	182.0	0.08881
17637	坚果炒货	53952657.0655666	0.002806666666666667	1773.0	0.00144	51737195.99693326	0.95886	1617.0	0.9118499999999999	2215461.068633333	0.04114	156.0	0.08814999999999999
17795	苏打水	53566375.905199945	0.00269	1755.0	0.0014266666666666666	52187473.40843328	0.9725533333333334	1674.0	0.9540033333333332	1378902.4967666666	0.027446666666666664	80.0	0.045996666666666665
17683	橄榄油	53431830.202933334	0.0027066666666666662	1317.0	0.00107	53268859.99303333	0.9967566666666666	1273.0	0.96636	162970.2099	0.003243333333333333	44.0	0.03364
17746	长寿果/碧根果	53021538.654233314	0.00274	1610.0	0.0013066666666666667	52253375.11199999	0.9861566666666667	1528.0	0.9493	768163.5422333335	0.013843333333333332	81.0	0.0507
17784	饮用天然水	50803541.266166665	0.0026199999999999995	1584.0	0.0012833333333333334	49693980.87693336	0.97955	1541.0	0.9726533333333333	1109560.3892333333	0.02045	43.0	0.02734666666666667
22342	珍珠米	50089525.474999994	0.0026333333333333334	1704.0	0.0013800000000000002	47436359.24500003	0.9512666666666667	1580.0	0.9273966666666666	2653166.229999999	0.04873333333333333	123.0	0.07260333333333334
17726	酱卤肉	48920174.30610001	0.0026	3241.0	0.00263	31902323.225600023	0.6759666666666666	2917.0	0.9000400000000001	17017851.0805	0.32403333333333334	324.0	0.09996000000000001
17758	红薯条/干	47838845.65493325	0.0024866666666666665	4978.0	0.004039999999999999	45187222.13159991	0.9440433333333335	4521.0	0.9081800000000001	2651623.523333332	0.055956666666666675	457.0	0.09182000000000001
22164	白牡丹	47813550.20156669	0.00244	1715.0	0.0013933333333333332	44930387.677700005	0.9335533333333333	1529.0	0.8913233333333334	2883162.5238666665	0.06644666666666667	186.0	0.10867666666666669
17804	豆浆	47496349.49323332	0.0024566666666666665	2724.0	0.00221	45168794.38410002	0.94785	2544.0	0.9339833333333334	2327555.1091333334	0.052149999999999995	180.0	0.06601666666666667
17760	山楂干	46332361.19769996	0.0024333333333333334	4287.0	0.0034833333333333335	44867247.08636662	0.9685933333333333	4022.0	0.9382533333333334	1465114.1113333337	0.031406666666666666	264.0	0.06174666666666667
22348	其它米	45787620.55063328	0.0023599999999999997	2722.0	0.00221	39078699.69463333	0.8559666666666667	2364.0	0.86856	6708920.855999999	0.14403333333333332	358.0	0.13144
17801	藕粉	45641263.443466604	0.0023033333333333334	1975.0	0.0016033333333333333	44897517.10876659	0.98386	1835.0	0.9291133333333335	743746.3346999997	0.01614	140.0	0.07088666666666667
17706	奶糖	44952148.033933304	0.0023833333333333332	3500.0	0.002843333333333333	44526654.87619997	0.9898833333333332	3348.0	0.9564733333333333	425493.1577333333	0.010116666666666666	152.0	0.043526666666666665
17650	茶饮	44110165.72766665	0.0022900000000000004	7188.0	0.005836666666666666	32866783.718399983	0.73848	5043.0	0.7010633333333334	11243382.009266661	0.26152000000000003	2145.0	0.29893666666666663
17733	奶片	43824819.59536669	0.00233	1631.0	0.0013266666666666667	43496620.95370003	0.9909733333333334	1545.0	0.9469433333333334	328198.64166666666	0.009026666666666667	86.0	0.05305666666666666
22268	胶囊咖啡	43234986.28733332	0.0021766666666666666	993.0	0.0008066666666666666	42170665.01099998	0.97704	903.0	0.9090199999999999	1064321.2763333332	0.022959999999999998	90.0	0.09097999999999999
17704	棒棒糖	42214900.82589991	0.0022733333333333334	5027.0	0.004083333333333334	41584021.93693324	0.9843666666666667	4855.0	0.9657566666666666	630878.8889666665	0.015633333333333332	172.0	0.03424333333333333
17660	调味品	41308082.15023339	0.0021533333333333335	11426.0	0.009273333333333333	38451830.579533435	0.9310133333333334	10685.0	0.93514	2856251.570699999	0.06898666666666665	741.0	0.06486
17705	水果硬糖	39659025.136866696	0.00209	5011.0	0.004066666666666666	38679616.813633375	0.9734766666666665	4726.0	0.9431133333333332	979408.3232333334	0.026523333333333333	285.0	0.05688666666666667
17775	陈皮	38610338.52889997	0.0020066666666666666	1878.0	0.0015266666666666666	37210791.63626663	0.96325	1715.0	0.9134333333333333	1399546.8926333336	0.03675	162.0	0.08656666666666667
18598	其它熟食腊味	38322153.1819	0.002	2993.0	0.00243	34297074.3181	0.8753966666666667	2653.0	0.8863366666666668	4025078.8638000004	0.12460333333333333	340.0	0.11366333333333334
17709	酥糖	37620884.09733332	0.001993333333333333	2679.0	0.0021766666666666666	36574578.621166654	0.9711133333333333	2579.0	0.9626966666666666	1046305.4761666666	0.028886666666666668	100.0	0.037303333333333334
17783	矿泉水	37254337.089000024	0.00191	2137.0	0.0017333333333333333	35807777.69643336	0.9571000000000001	2077.0	0.9722666666666667	1446559.3925666667	0.042899999999999994	59.0	0.027733333333333332
23883	其他干货	36514814.94813331	0.0019333333333333331	6285.0	0.005103333333333334	29651412.532599986	0.8111566666666666	4940.0	0.7860300000000001	6863402.415533324	0.18884333333333334	1345.0	0.21397
22152	其他红茶	34675394.78219997	0.0018033333333333332	4266.0	0.00346	31593308.056566637	0.9098433333333333	3728.0	0.8739499999999999	3082086.7256333325	0.09015666666666666	538.0	0.12605
17761	葡萄干	33959533.09460003	0.0017633333333333331	2842.0	0.0023066666666666665	23035371.709200006	0.7773133333333334	2580.0	0.90797	10924161.385399997	0.22268666666666667	261.0	0.09202999999999999
17662	小米	33616457.732866704	0.00176	3239.0	0.0026300000000000004	30872787.406300038	0.9052866666666667	3015.0	0.9307733333333333	2743670.326566666	0.09471333333333333	224.0	0.06922666666666667
17635	蜜饯果干	33093887.601233363	0.0016899999999999999	2774.0	0.0022500000000000003	16087710.631000007	0.5326233333333333	2174.0	0.7835866666666668	17006176.970233332	0.4673766666666667	600.0	0.21641333333333335
22140	毛尖	33000864.4372	0.0017166666666666667	2158.0	0.00175	32287568.30886667	0.9789166666666667	1972.0	0.9142199999999999	713296.1283333334	0.021083333333333332	185.0	0.08578000000000001
21384	香辛料	32696382.689699993	0.0016933333333333334	8602.0	0.00698	31685939.846100014	0.96856	7892.0	0.9174133333333333	1010442.8436000003	0.031439999999999996	709.0	0.08258666666666667
17786	乳酸菌饮料	32659962.125633318	0.0016666666666666668	1705.0	0.001386666666666667	30918348.276833326	0.94836	1618.0	0.94901	1741613.8487999998	0.05164	87.0	0.05099
17649	纯麦片	32625407.39073333	0.0016566666666666667	2848.0	0.00231	31743946.21499999	0.9752166666666667	2683.0	0.9420933333333333	881461.1757333331	0.024783333333333334	165.0	0.05790666666666666
22138	碧螺春	31084474.315466672	0.0016	1861.0	0.0015099999999999998	30753985.906900004	0.9895566666666666	1774.0	0.95291	330488.4085666666	0.010443333333333332	87.0	0.04709
17792	功能饮料	31062851.00843333	0.0016099999999999997	2316.0	0.00188	26309979.245966677	0.84965	1938.0	0.8367366666666666	4752871.762466666	0.15034999999999998	378.0	0.16326333333333334
17791	即饮咖啡	30922529.798100006	0.0015633333333333332	1383.0	0.0011233333333333332	20854605.54513332	0.6684466666666666	1164.0	0.84191	10067924.252966665	0.3315533333333333	218.0	0.15809000000000004
17652	橄榄油	30296969.040733337	0.0015633333333333332	1528.0	0.00124	30276236.253433343	0.9992666666666666	1497.0	0.98021	20732.7873	0.0007333333333333333	30.0	0.019790000000000002
22147	滇红	30216310.17783336	0.0015633333333333332	2548.0	0.00207	29256330.12556669	0.9685366666666667	2357.0	0.9253	959980.0522666667	0.031463333333333336	190.0	0.07469999999999999
17687	奶油	30146206.87733333	0.00159	2278.0	0.00185	29981373.00393333	0.9943933333333334	2245.0	0.9856666666666668	164833.8734	0.005606666666666667	32.0	0.014333333333333335
22118	脱脂纯牛奶	29375178.199400004	0.0015300000000000001	210.0	0.00017333333333333336	29369035.23606667	0.9997866666666667	200.0	0.9509	6142.963333333333	0.0002133333333333333	10.0	0.0491
22120	风味奶	29337594.960333336	0.0015166666666666668	1262.0	0.0010233333333333333	27800107.97143333	0.94624	1188.0	0.9418966666666667	1537486.9889	0.05376	73.0	0.05810333333333333
17745	板栗	29112518.11343333	0.0014833333333333332	1643.0	0.0013333333333333333	23009492.758733343	0.8178433333333334	1473.0	0.8965033333333334	6103025.354699999	0.18215666666666666	170.0	0.10349666666666667
22171	辣椒酱	28975485.474633336	0.0015433333333333334	3824.0	0.003103333333333333	28836905.153333336	0.9951333333333334	3711.0	0.97038	138580.32129999998	0.004866666666666667	113.0	0.029619999999999997
17685	其它油	28944067.433699984	0.0014966666666666668	2568.0	0.0020833333333333333	27632617.202533316	0.9541266666666667	2342.0	0.9120066666666666	1311450.2311666666	0.04587333333333334	226.0	0.08799333333333333
21376	醋	28600251.87496667	0.0014766666666666667	7113.0	0.005776666666666666	24716615.136766676	0.8775733333333333	6608.0	0.92894	3883636.738200002	0.12242666666666667	505.0	0.07106
22264	咖啡粉	28569458.76183332	0.0014333333333333333	1124.0	0.0009133333333333334	28251420.855399985	0.9875666666666666	1074.0	0.95524	318037.90643333335	0.012433333333333333	50.0	0.04476
22141	安吉白茶	28250829.730499983	0.00145	1756.0	0.0014266666666666666	27928779.721266653	0.9886133333333333	1641.0	0.9345500000000001	322050.00923333335	0.011386666666666668	115.0	0.06545000000000001
17678	大豆油	27180407.214266676	0.00139	1117.0	0.0009099999999999999	26212574.185900014	0.9616833333333332	1065.0	0.9534733333333333	967833.0283666666	0.038316666666666666	52.0	0.04652666666666666
17708	棉花糖	26849315.55409999	0.0014500000000000001	1482.0	0.0012066666666666667	26798348.037366655	0.9976799999999999	1442.0	0.9729733333333334	50967.51673333333	0.00232	40.0	0.027026666666666668
17682	山茶油	26388155.968833324	0.00132	1299.0	0.0010533333333333332	26072579.255099986	0.9857433333333333	1183.0	0.9107066666666667	315576.71373333334	0.014256666666666666	116.0	0.08929333333333334
17710	橡皮糖	26378533.853966635	0.0014033333333333335	3555.0	0.00289	25064613.86843331	0.9434033333333334	3382.0	0.9513433333333333	1313919.9855333336	0.05659666666666666	173.0	0.04865666666666666
17698	速食粥	26279082.73056667	0.0013433333333333333	2046.0	0.0016633333333333333	25264172.558366675	0.9638966666666665	1951.0	0.9539	1014910.1722000003	0.036103333333333334	94.0	0.0461
17782	纯净水	26147870.40503334	0.00134	767.0	0.0006233333333333334	26090418.95093334	0.9977366666666668	745.0	0.9721933333333332	57451.454099999995	0.0022633333333333333	21.0	0.027806666666666664
17642	果蔬汁/饮料	25995097.360466685	0.0013433333333333335	3138.0	0.002546666666666667	24482018.230666693	0.94114	2910.0	0.9273433333333333	1513079.1298000002	0.05886	228.0	0.07265666666666666
22347	泰国香米	25717702.813966677	0.0013366666666666666	683.0	0.0005566666666666666	25500980.68520001	0.9914766666666667	634.0	0.9287933333333335	216722.12876666663	0.008523333333333332	48.0	0.07120666666666668
17803	豆奶	24606881.07940002	0.0012433333333333333	924.0	0.0007500000000000001	24148490.71676669	0.98333	894.0	0.96823	458390.3626333333	0.01667	29.0	0.03177
17707	牛轧糖	24497160.85670003	0.0013066666666666667	2064.0	0.0016766666666666668	24380682.465633363	0.9947833333333334	2002.0	0.96983	116478.39106666665	0.0052166666666666655	62.0	0.03017
17699	速食汤	24460346.697699983	0.0012666666666666666	3164.0	0.00257	20808997.35696664	0.8596333333333334	2960.0	0.93565	3651349.340733333	0.14036666666666667	203.0	0.06435
17689	黄油	24200575.586833347	0.0012733333333333333	1955.0	0.0015866666666666668	24086374.19993335	0.9953166666666666	1913.0	0.9785666666666667	114201.3869	0.004683333333333334	42.0	0.021433333333333332
20073	薄荷糖	24044111.487100005	0.0012633333333333333	1792.0	0.0014533333333333334	21654197.501633342	0.9083833333333334	1646.0	0.9184866666666668	2389913.9854666665	0.09161666666666667	146.0	0.08151333333333333
21382	火锅蘸料	23734378.440733347	0.001236666666666667	3583.0	0.0029066666666666663	23621419.427866682	0.9951433333333334	3534.0	0.9863033333333333	112959.01286666666	0.004856666666666666	49.0	0.013696666666666668
17721	兔肉零食	23011926.51986667	0.0012	991.0	0.0008033333333333333	22437197.280466672	0.97486	935.0	0.9435866666666667	574729.2394000001	0.02514	56.0	0.056413333333333336
22113	脱脂纯牛奶	22865202.7332	0.0011799999999999998	328.0	0.00027	22812041.575866666	0.9978866666666667	312.0	0.95321	53161.157333333336	0.0021133333333333334	15.0	0.04679
17703	口香糖	20937815.557733353	0.0010766666666666667	2560.0	0.0020766666666666668	19566715.053400014	0.9327133333333334	2373.0	0.9269733333333333	1371100.5043333333	0.06728666666666668	187.0	0.07302666666666667
17627	酸奶	20904062.06340001	0.0010833333333333333	946.0	0.00077	20726533.676466677	0.99105	904.0	0.95532	177528.38693333333	0.00895	42.0	0.04468
22165	寿眉	20501773.91826667	0.0010633333333333334	1398.0	0.0011333333333333332	20077785.04873334	0.9796833333333334	1266.0	0.9059800000000001	423988.8695333333	0.020316666666666667	131.0	0.09402
22159	安化黑茶	20389962.38246669	0.00106	2031.0	0.0016466666666666667	16352726.333133338	0.7893666666666667	1566.0	0.7706866666666667	4037236.0493333316	0.21063333333333334	465.0	0.22931333333333334
22163	白毫银针	20200088.322633326	0.0010333333333333334	986.0	0.0008033333333333333	19504431.883099996	0.96636	886.0	0.8987633333333332	695656.4395333333	0.033639999999999996	100.0	0.10123666666666666
17750	蚕豆/兰花豆	20133985.72066669	0.00105	3253.0	0.002643333333333333	19514453.80716669	0.9687399999999999	3111.0	0.9563666666666667	619531.9135	0.03126	142.0	0.043633333333333336
23874	木耳	20048870.926233333	0.0010466666666666664	1725.0	0.0014033333333333335	19702515.25623334	0.9827	1570.0	0.9104233333333333	346355.6700000001	0.0173	154.0	0.08957666666666668
17742	桃仁	19767399.61863335	0.0010299999999999999	779.0	0.0006333333333333333	19261336.333433345	0.9726066666666666	710.0	0.9106366666666666	506063.2852	0.027393333333333336	69.0	0.08936333333333334
17658	意面/挂面	19584749.613000017	0.00102	2959.0	0.0024033333333333333	19427921.81600001	0.99192	2838.0	0.9593599999999999	156827.79699999993	0.008079999999999999	120.0	0.04064
17647	麦卢卡蜜种	19137691.593466677	0.00101	1224.0	0.0009966666666666668	18614626.023033343	0.9717933333333333	1017.0	0.8308666666666666	523065.57043333334	0.028206666666666668	207.0	0.16913333333333333
22170	烘焙原料套装	19083443.5832	0.001	363.0	0.00029666666666666665	18790268.259533335	0.9835933333333333	352.0	0.9690066666666667	293175.3236666667	0.016406666666666667	11.0	0.030993333333333335
17673	糙米	18187261.89930001	0.00094	1444.0	0.0011733333333333333	18154793.397033345	0.99823	1406.0	0.9737233333333334	32468.502266666666	0.00177	38.0	0.02627666666666667
23869	桂圆	17477136.72670001	0.0009200000000000001	1050.0	0.0008533333333333332	15493883.383533346	0.8831966666666666	946.0	0.90096	1983253.343166666	0.11680333333333333	104.0	0.09904000000000002
17633	海苔	17385949.56613333	0.0009166666666666668	1889.0	0.0015333333333333334	13882770.840166671	0.7995566666666667	1752.0	0.9273866666666667	3503178.7259666664	0.20044333333333333	137.0	0.07261333333333332
17776	草莓干	17362341.86269999	0.0009033333333333332	1294.0	0.00105	17284087.32473332	0.99523	1253.0	0.9682333333333334	78254.53796666667	0.00477	41.0	0.031766666666666665
17790	凉茶	17136911.623733327	0.0008933333333333333	1846.0	0.0014999999999999998	15812100.300066674	0.9228966666666666	1289.0	0.6982566666666666	1324811.3236666664	0.07710333333333333	557.0	0.30174333333333336
17686	烘焙粉	17128193.99093342	0.0008966666666666667	5924.0	0.0048066666666666666	16806513.354200095	0.9808133333333333	5738.0	0.9686033333333333	321680.63673333335	0.019186666666666668	186.0	0.03139666666666666
22139	毛峰	16976714.819533337	0.0008700000000000001	1663.0	0.0013499999999999999	16777922.033000004	0.9880533333333333	1596.0	0.9595933333333333	198792.78653333336	0.011946666666666666	67.0	0.04040666666666667
22162	其他黑茶	16931369.981099993	0.0008466666666666666	801.0	0.00065	16607872.499833325	0.9749099999999999	690.0	0.8609399999999999	323497.4812666666	0.02509	111.0	0.13906
17811	咖啡伴侣	16238107.699799998	0.0008433333333333334	2664.0	0.0021633333333333335	15482900.54396666	0.9525466666666667	2564.0	0.96222	755207.1558333336	0.04745333333333333	100.0	0.03778
17656	其它速食	15945611.350200007	0.0008366666666666667	2331.0	0.0018933333333333335	15234757.599566676	0.9556233333333334	2114.0	0.9069433333333333	710853.7506333333	0.04437666666666667	217.0	0.09305666666666668
17711	润喉糖	15851801.288366685	0.0008366666666666667	2175.0	0.0017666666666666666	14603847.00023334	0.92082	1867.0	0.8582533333333334	1247954.2881333337	0.07918000000000001	308.0	0.14174666666666666
22154	单枞	15467043.8565	0.0007966666666666666	1241.0	0.0010066666666666668	15262500.956533335	0.9865499999999999	1143.0	0.9208733333333333	204542.89996666668	0.013449999999999998	98.0	0.07912666666666666
22166	贡眉	15272830.0382	0.0007499999999999999	546.0	0.00044333333333333334	15020280.178566664	0.98057	490.0	0.8986700000000001	252549.85963333337	0.01943	55.0	0.10132999999999999
21462	酱卤制品	15011348.668400003	0.0007866666666666667	879.0	0.0007166666666666667	13425840.236300007	0.9119266666666667	725.0	0.82526	1585508.4321	0.08807333333333334	153.0	0.17474
22346	油粘米	15008259.090466669	0.0007833333333333334	294.0	0.00024	12047733.018033335	0.79618	257.0	0.8763433333333333	2960526.0724333324	0.20382	36.0	0.12365666666666665
17902	其他牛肉	14928767.19263333	0.0007833333333333334	622.0	0.0005033333333333334	5253147.690166666	0.33772	334.0	0.5364433333333333	9675619.502466666	0.66228	288.0	0.4635566666666667
22155	肉桂	14698852.473366663	0.00077	1082.0	0.0008833333333333333	14265610.180666665	0.9712766666666667	952.0	0.8799366666666666	433242.29269999993	0.028723333333333333	130.0	0.12006333333333334
17638	肉干/鱼类	14655391.710700003	0.0007666666666666667	1166.0	0.0009466666666666667	14230395.269366669	0.9719966666666666	1080.0	0.92688	424996.4413333333	0.028003333333333335	85.0	0.07312
23868	枸杞/红枸杞	14542860.033266684	0.0007633333333333333	2453.0	0.0019933333333333335	13579507.499333339	0.93436	2143.0	0.8738766666666665	963352.5339333335	0.06564	309.0	0.12612333333333334
21378	鸡精/味精	14468377.156533333	0.0007433333333333334	2281.0	0.0018533333333333336	14063253.647000002	0.9708666666666667	2063.0	0.9046799999999999	405123.50953333336	0.029133333333333334	217.0	0.09532
22341	小町米	14420713.408400005	0.0007566666666666667	377.0	0.0003066666666666667	13387920.60406667	0.92435	335.0	0.88695	1032792.8043333334	0.07565000000000001	42.0	0.11305
17691	烘焙馅料	14315376.469333341	0.0007499999999999999	2887.0	0.00234	13799727.499433339	0.96378	2774.0	0.96114	515648.9698999999	0.03622	112.0	0.03886
22422	山核桃	14273890.536033332	0.0007499999999999999	397.0	0.00032333333333333335	14270131.651866665	0.9997366666666667	382.0	0.96035	3758.8841666666667	0.00026333333333333336	15.0	0.03965
22263	咖啡豆	14073654.820966678	0.0007133333333333333	759.0	0.0006166666666666667	13822208.194433346	0.9822166666666666	690.0	0.9087266666666666	251446.6265333333	0.01778333333333333	69.0	0.09127333333333333
17667	芝麻	14027632.669300025	0.0007366666666666667	1390.0	0.0011266666666666667	13195914.206666686	0.94008	1219.0	0.8769866666666667	831718.4626333335	0.05992	171.0	0.12301333333333335
17724	腊肠	13963151.228166664	0.0007300000000000001	817.0	0.0006633333333333334	13838068.247566665	0.9908566666666667	727.0	0.8890399999999999	125082.9806	0.009143333333333335	90.0	0.11096
17684	亚麻油/火麻油	13191804.01576667	0.0006766666666666666	1386.0	0.0011266666666666667	12920012.841600006	0.9763999999999999	1314.0	0.94846	271791.17416666663	0.023599999999999996	71.0	0.05154
22169	烘焙半成品	13167512.958899995	0.00069	601.0	0.00048666666666666666	12604392.18066666	0.94748	576.0	0.9583933333333334	563120.7782333334	0.052520000000000004	25.0	0.04160666666666666
17668	燕麦	12516202.168766653	0.0006366666666666667	1069.0	0.00087	12362580.644333318	0.98791	1004.0	0.93917	153621.5244333333	0.012089999999999998	65.0	0.060829999999999995
22142	雀舌	12345817.213499999	0.0006466666666666666	843.0	0.0006866666666666667	12259406.468366668	0.9928666666666667	801.0	0.9500733333333334	86410.74513333333	0.007133333333333333	42.0	0.04992666666666667
22110	矿泉水	12194286.194899999	0.00063	1090.0	0.0008866666666666667	11051494.193333331	0.89725	1075.0	0.98568	1142792.0015666666	0.10275	15.0	0.01432
23827	其它蜜种	12136489.861	0.00064	938.0	0.0007633333333333333	9303407.0066	0.7705066666666666	753.0	0.8029233333333332	2833082.8544	0.22949333333333333	185.0	0.19707666666666668
17688	酵母	11845328.783133345	0.0006133333333333334	1866.0	0.0015133333333333335	11366557.286800014	0.9603233333333333	1808.0	0.9689800000000001	478771.49633333343	0.039676666666666666	58.0	0.031020000000000002
17645	咖啡/奶茶饮料	11773245.690233333	0.0006	878.0	0.00071	10198009.828033332	0.8533566666666667	809.0	0.9209833333333334	1575235.8622	0.14664333333333335	69.0	0.07901666666666667
22112	全脂纯牛奶	11702041.186633334	0.0006033333333333333	122.0	9.666666666666667e-05	11627907.54206667	0.9926	115.0	0.9375300000000001	74133.64456666667	0.0074	7.0	0.062470000000000005
23875	银耳	11394239.537233336	0.0005966666666666667	1173.0	0.00095	11121826.937533338	0.9764866666666666	1092.0	0.9314066666666666	272412.59969999996	0.02351333333333333	80.0	0.06859333333333334
17747	巴旦木	11120925.369466674	0.0005933333333333333	807.0	0.0006566666666666666	10726862.383666674	0.96568	758.0	0.9396866666666668	394062.98579999997	0.034319999999999996	48.0	0.06031333333333333
17806	冲饮果汁	11104643.395300005	0.0005766666666666667	1967.0	0.0015966666666666666	9591580.197600001	0.8686733333333333	1777.0	0.9031500000000001	1513063.1977000001	0.13132666666666667	190.0	0.09684999999999999
22148	祁红	11098912.285899995	0.0005700000000000001	886.0	0.0007166666666666667	10943272.167699993	0.9860233333333334	852.0	0.9612566666666665	155640.1182	0.013976666666666665	34.0	0.03874333333333333
17659	烘焙原料	10757421.49563333	0.0005566666666666667	2041.0	0.0016566666666666667	9739887.458233332	0.90535	1923.0	0.9419066666666667	1017534.0374000001	0.09465000000000001	118.0	0.05809333333333333
17751	豌豆/青豆	10672342.56776667	0.0005600000000000001	1795.0	0.0014566666666666669	9582699.318200001	0.8970866666666666	1696.0	0.9449833333333334	1089643.2495666665	0.10291333333333334	98.0	0.055016666666666665
22117	全脂纯牛奶	10537536.1161	0.0005433333333333333	116.0	9.333333333333334e-05	10536234.382766666	0.99988	113.0	0.9769266666666666	1301.7333333333333	0.00011999999999999999	2.0	0.023073333333333335
23876	香菇	10409234.431566665	0.0005433333333333333	1657.0	0.0013466666666666664	9906051.558566667	0.9509533333333334	1437.0	0.8675466666666667	503182.8730000001	0.04904666666666666	219.0	0.13245333333333334
22345	丝苗米	10194591.8243	0.00053	646.0	0.0005266666666666667	10151485.236900004	0.99567	592.0	0.91592	43106.5874	0.00433	54.0	0.08408
22111	气泡水	10078252.216200002	0.00051	484.0	0.00039333333333333337	10046383.644533334	0.9969633333333334	472.0	0.9758066666666666	31868.571666666667	0.0030366666666666667	11.0	0.024193333333333334
23881	粉丝/粉条	10021599.877900003	0.0005233333333333333	1197.0	0.0009733333333333333	9648335.880966669	0.9621633333333333	1126.0	0.9404033333333333	373263.99693333334	0.037836666666666664	71.0	0.059596666666666666
21374	蚝油	9904819.182766676	0.0005166666666666667	1061.0	0.00086	9691549.585333342	0.97832	999.0	0.9412833333333334	213269.59743333337	0.02168	62.0	0.05871666666666667
17769	蔓越莓干	9747353.897433339	0.0005166666666666667	934.0	0.0007599999999999999	9611057.33276667	0.9876733333333334	878.0	0.9397899999999999	136296.56466666664	0.012326666666666666	56.0	0.06020999999999999
22321	其他煮食面	9733395.646466665	0.0005033333333333334	494.0	0.0004033333333333333	9575854.226233331	0.9858333333333333	472.0	0.9541399999999999	157541.42023333334	0.014166666666666666	22.0	0.045860000000000005
22121	天然苏打水	9668180.829500003	0.00048666666666666666	187.0	0.00015	9653143.390733337	0.9982333333333333	185.0	0.9892466666666667	15037.438766666666	0.0017666666666666666	2.0	0.010753333333333332
17753	杏干	9630713.365500001	0.0005066666666666667	1482.0	0.0012033333333333334	8441342.868233336	0.8785066666666667	1338.0	0.9030133333333333	1189370.4972666667	0.12149333333333334	143.0	0.09698666666666667
23833	蜂蜜柚子茶	9521307.55396667	0.00049	903.0	0.0007333333333333332	9320928.027000003	0.9757600000000001	817.0	0.9041466666666667	200379.52696666666	0.02424	86.0	0.09585333333333333
17755	无花果干	9512727.803733338	0.0004966666666666666	936.0	0.0007599999999999999	9276385.411833337	0.9745066666666666	853.0	0.9115500000000001	236342.39190000002	0.02549333333333333	82.0	0.08845000000000001
17671	黑米	9243850.802100003	0.00048666666666666666	1123.0	0.0009133333333333334	9158765.867133336	0.9907733333333333	1066.0	0.9496166666666666	85084.93496666667	0.009226666666666666	56.0	0.050383333333333336
17771	榴莲干	9172769.948199999	0.00047666666666666663	520.0	0.00042	8463622.487933334	0.9234633333333333	487.0	0.9377233333333335	709147.4602666666	0.07653666666666666	32.0	0.06227666666666667
21375	料酒	9141083.633566676	0.00047333333333333336	1182.0	0.0009633333333333334	8894644.171700004	0.9728699999999999	1079.0	0.9128533333333334	246439.46186666668	0.027129999999999998	103.0	0.08714666666666666
17802	可可/巧克力饮品	9103794.795833336	0.00047999999999999996	737.0	0.0005966666666666667	8215482.828700003	0.8969066666666666	696.0	0.9452433333333333	888311.9671333334	0.10309333333333333	40.0	0.05475666666666667
22425	槟榔	9101072.167700002	0.0004766666666666667	635.0	0.0005133333333333333	6317938.129766666	0.6943933333333333	315.0	0.49584999999999996	2783134.037933333	0.30560666666666664	320.0	0.50415
22167	其他白茶	8843865.075033337	0.0004566666666666667	862.0	0.0006966666666666666	8334462.836233337	0.94186	739.0	0.8579666666666667	509402.2388	0.05814	122.0	0.14203333333333332
17646	成人奶粉	8787774.399166666	0.00044666666666666666	152.0	0.00012333333333333334	8621303.642333334	0.9797433333333334	132.0	0.8666233333333334	166470.75683333332	0.020256666666666666	20.0	0.13337666666666667
17808	椰子粉	8252061.430566666	0.00042333333333333334	792.0	0.0006433333333333333	7880790.230333333	0.9534566666666667	765.0	0.9659133333333333	371271.2002333333	0.04654333333333333	27.0	0.034086666666666675
21388	咖喱	8020561.062566671	0.0004166666666666667	1927.0	0.0015633333333333332	7632000.5313	0.9507366666666667	1862.0	0.9661266666666667	388560.5312666667	0.04926333333333333	65.0	0.03387333333333333
17785	其它饮用水	7948184.878599999	0.0004066666666666667	557.0	0.00045333333333333337	7227009.8722	0.89861	496.0	0.8905099999999999	721175.0064	0.10139	61.0	0.10948999999999999
17664	红豆	7368625.4706666665	0.00038333333333333334	1796.0	0.0014566666666666669	7251771.5518000005	0.9836966666666666	1686.0	0.9384966666666666	116853.91886666669	0.016303333333333333	110.0	0.061503333333333327
23879	腐竹/豆油皮	7261855.379700002	0.00038666666666666667	798.0	0.0006466666666666666	7194772.755433337	0.9902766666666668	753.0	0.9428266666666666	67082.62426666667	0.009723333333333334	45.0	0.05717333333333333
21380	腐乳	7129120.180866663	0.00037666666666666664	2194.0	0.0017799999999999997	6381353.123899995	0.8945266666666667	1980.0	0.9026466666666666	747767.0569666665	0.10547333333333335	213.0	0.09735333333333333
17907	香肠	7084863.86546667	0.0003733333333333333	313.0	0.00025333333333333333	2920375.450033333	0.5654166666666667	298.0	0.9541366666666667	4164488.4154333337	0.4345833333333333	14.0	0.04586333333333333
22326	膨化谷物	7041572.195799999	0.00037999999999999997	140.0	0.00011666666666666667	4489349.479133332	0.66448	135.0	0.9621433333333332	2552222.716666667	0.33552	5.0	0.03785666666666667
22172	沙拉酱	6953430.360166666	0.00036333333333333335	894.0	0.0007266666666666666	6939015.266333333	0.99781	884.0	0.9891733333333333	14415.093833333332	0.00219	9.0	0.010826666666666665
17648	奶茶	6834399.342000001	0.00036	1105.0	0.0008966666666666666	6649280.4003333375	0.9730033333333333	1030.0	0.9319066666666668	185118.94166666668	0.026996666666666665	75.0	0.06809333333333334
17702	卤蛋	6796051.419700001	0.00036	786.0	0.0006399999999999999	6679876.2099	0.9829733333333334	725.0	0.9216466666666667	116175.2098	0.017026666666666666	61.0	0.07835333333333333
17741	榛子	6660405.900399999	0.0003466666666666667	607.0	0.0004933333333333334	6384098.472099997	0.9571299999999999	549.0	0.90394	276307.4283	0.04287	58.0	0.09605999999999999
17757	桃干	6594342.193066664	0.00034	1078.0	0.0008733333333333333	6504070.1088999985	0.9864	1045.0	0.9690599999999999	90272.08416666667	0.013600000000000001	33.0	0.03094
17700	火腿肠	6467035.732500001	0.00034	1138.0	0.0009266666666666668	6090540.635700001	0.9426	996.0	0.8746766666666668	376495.09679999994	0.05740000000000001	142.0	0.12532333333333331
22174	番茄酱	6174048.300166663	0.0003233333333333333	898.0	0.0007300000000000001	6152084.901433329	0.9961899999999999	878.0	0.9778233333333333	21963.398733333335	0.0038099999999999996	20.0	0.022176666666666667
22259	咖啡粉	6119689.850699999	0.00031666666666666665	188.0	0.00015	6078188.033666667	0.99358	166.0	0.8832599999999999	41501.81703333333	0.0064199999999999995	22.0	0.11674000000000001
22433	混合杂粮米	6040280.689933333	0.0003066666666666667	474.0	0.00038666666666666667	4431654.498599998	0.8126366666666666	459.0	0.9683966666666667	1608626.1913333333	0.18736333333333333	15.0	0.03160333333333334
17654	其它油	5980268.751900003	0.00030999999999999995	924.0	0.0007499999999999999	5305524.210733335	0.89213	870.0	0.9408533333333334	674744.5411666668	0.10787000000000001	54.0	0.059146666666666674
22116	其他乳制品	5867506.493033335	0.0003066666666666667	165.0	0.0001333333333333333	5866780.215433334	0.9998733333333334	161.0	0.9757533333333334	726.2776	0.00012666666666666666	4.0	0.024246666666666666
23870	莲子	5697283.314399999	0.0002933333333333333	951.0	0.0007733333333333333	5423409.802	0.9517833333333333	829.0	0.8712166666666666	273873.51240000007	0.048216666666666665	122.0	0.12878333333333333
17651	五谷粉	5651420.940833333	0.00029	696.0	0.0005633333333333332	5198655.482433331	0.9159	590.0	0.8472233333333333	452765.4583999999	0.08410000000000001	106.0	0.15277666666666664
17779	柠檬片	5642859.489799999	0.00031	952.0	0.0007733333333333333	5562367.190733332	0.9842433333333335	866.0	0.9094166666666667	80492.29906666667	0.015756666666666665	86.0	0.09058333333333334
22160	六堡茶	5541670.425866667	0.00029	500.0	0.0004033333333333333	3200363.249366667	0.5881033333333333	419.0	0.83923	2341307.1765	0.41189666666666663	80.0	0.16077
22432	藜麦	5398954.2063	0.00028000000000000003	324.0	0.00026333333333333336	5367807.5233	0.9935999999999999	310.0	0.9568466666666667	31146.683	0.0064	14.0	0.04315333333333333
22176	代糖	5339915.777599999	0.00027	279.0	0.00022666666666666668	5261450.226133333	0.98761	266.0	0.9557966666666667	78465.55146666667	0.012389999999999998	12.0	0.04420333333333334
22503	植物蛋白饮料	5292379.042633333	0.0002866666666666667	281.0	0.00022999999999999998	5063873.1497	0.9498666666666665	259.0	0.9238433333333335	228505.89293333332	0.050133333333333335	21.0	0.07615666666666666
21386	芝麻香油	5252131.462466661	0.00027333333333333333	818.0	0.0006666666666666666	5119571.305166661	0.9747566666666666	742.0	0.90755	132560.1573	0.025243333333333336	75.0	0.09245000000000002
21459	香肠	5218645.6751	0.00027	381.0	0.00031	3446301.7465000004	0.6680133333333332	290.0	0.7598400000000001	1772343.9286000002	0.3319866666666667	91.0	0.24016
23880	竹荪	5171806.005033336	0.00027	577.0	0.00047	4268532.731533334	0.8439233333333332	483.0	0.8378533333333333	903273.2734999998	0.15607666666666667	93.0	0.16214666666666666
23882	菜干类	5078231.936233334	0.0002666666666666667	1435.0	0.0011666666666666665	4910210.442333334	0.9674633333333333	1263.0	0.8799266666666666	168021.49389999997	0.032536666666666665	172.0	0.12007333333333335
17669	薏仁米	5077125.908033334	0.00026000000000000003	1114.0	0.0009066666666666667	4813514.483500001	0.9427233333333334	1039.0	0.93289	263611.42453333334	0.05727666666666667	74.0	0.06711
22156	水仙	5010027.224866666	0.00026000000000000003	478.0	0.00038666666666666667	4837740.533566665	0.9675266666666666	412.0	0.8624200000000001	172286.69129999998	0.03247333333333333	66.0	0.13758
21387	浓汤宝	4933538.4322333345	0.0002566666666666667	705.0	0.00057	4808799.626566668	0.97463	668.0	0.94705	124738.80566666667	0.02537	37.0	0.05295
22329	水果麦片	4889674.908433333	0.00023999999999999998	191.0	0.0001566666666666667	4878461.1833666675	0.9974666666666666	182.0	0.9514933333333332	11213.725066666666	0.0025333333333333336	9.0	0.04850666666666666
17754	香蕉干	4867152.590566665	0.00025333333333333333	750.0	0.0006066666666666667	4314237.179966667	0.8875966666666666	714.0	0.9515833333333333	552915.4106000001	0.11240333333333334	36.0	0.04841666666666666
17636	果冻布丁	4798084.900133329	0.00024333333333333333	908.0	0.0007399999999999999	2871180.692000001	0.60898	794.0	0.87479	1926904.2081333334	0.39102	113.0	0.12521000000000002
22448	普洱生熟茶组合	4755747.753133334	0.00025	333.0	0.00027333333333333333	4674444.542100001	0.9827333333333333	283.0	0.8507033333333335	81303.21103333333	0.017266666666666666	50.0	0.14929666666666666
22115	风味奶	4720600.251733334	0.00024333333333333333	152.0	0.00012666666666666666	4718740.467466666	0.9995333333333333	149.0	0.97824	1859.7842666666668	0.00046666666666666666	3.0	0.02176
17672	糯米	4606991.238566664	0.00024333333333333333	1298.0	0.0010566666666666667	4565332.909533331	0.9910133333333334	1232.0	0.9488633333333333	41658.32903333334	0.008986666666666665	66.0	0.05113666666666667
22267	挂耳咖啡	4459601.270766667	0.00022333333333333333	297.0	0.00024	4295980.537466667	0.9565233333333333	279.0	0.9415566666666666	163620.7333	0.04347666666666666	17.0	0.058443333333333326
17640	功能饮料	4415561.161499999	0.00022333333333333333	234.0	0.00018999999999999998	4281313.496699999	0.9634533333333334	153.0	0.6596666666666667	134247.6648	0.036546666666666665	80.0	0.3403333333333333
22143	猴魁	4327039.0391999995	0.00022333333333333333	535.0	0.00043666666666666664	4253715.586533333	0.9820099999999999	489.0	0.9135300000000001	73323.45266666666	0.017990000000000003	46.0	0.08646999999999999
22137	瓜片	4219341.995199999	0.0002133333333333333	494.0	0.0004	3924527.043666665	0.9214533333333333	406.0	0.8227233333333333	294814.95153333334	0.07854666666666667	87.0	0.17727666666666667
17728	火腿	4144309.0642999983	0.00022666666666666668	516.0	0.00042	3417342.394233331	0.8301166666666666	425.0	0.8252966666666667	726966.6700666667	0.16988333333333336	90.0	0.17470333333333335
17788	酸梅汤	4137175.2173333294	0.00021333333333333336	1012.0	0.0008233333333333334	3982141.4403666635	0.9623666666666667	913.0	0.9021033333333334	155033.77696666666	0.03763333333333333	99.0	0.09789666666666667
22157	冻顶乌龙	4096800.1955666672	0.00021666666666666666	368.0	0.0003	3910336.531366667	0.95526	338.0	0.9202400000000001	186463.6642	0.04474	29.0	0.07976
22114	低脂纯牛奶	4062119.6749666655	0.00020666666666666666	170.0	0.00013666666666666664	4058687.8476333325	0.9991933333333334	163.0	0.9570833333333333	3431.827333333333	0.0008066666666666666	7.0	0.042916666666666665
17661	黄豆	4024484.4804666652	0.00021333333333333336	1454.0	0.0011766666666666668	3937554.702033333	0.9781966666666667	1376.0	0.9460333333333333	86929.77843333334	0.02180333333333333	78.0	0.05396666666666666
22424	香榧子	3985139.6649333336	0.00020333333333333333	128.0	0.00010333333333333333	3951217.664600001	0.9914533333333333	118.0	0.9189666666666666	33922.00033333334	0.008546666666666666	10.0	0.08103333333333333
17639	碳酸饮料	3907257.6669999994	0.0002	1516.0	0.0012266666666666667	3740663.9845333323	0.9605	1456.0	0.9606333333333333	166593.68246666665	0.0395	59.0	0.03936666666666666
17719	羊肉类	3825448.310833333	0.00020333333333333333	336.0	0.00027333333333333333	3766916.7161666662	0.98326	321.0	0.9553666666666666	58531.59466666667	0.01674	15.0	0.04463333333333333
22325	复合麦片	3575501.3991	0.00018333333333333334	357.0	0.00029	3502154.4091	0.98283	339.0	0.9496199999999999	73346.98999999999	0.01717	18.0	0.05038
17337	其他西点/蛋挞	3525052.7297333325	0.00018333333333333334	176.0	0.00014333333333333334	3509428.823533332	0.9953866666666666	163.0	0.9278999999999998	15623.9062	0.004613333333333333	12.0	0.0721
22262	胶囊咖啡	3506255.2960333326	0.0001766666666666667	122.0	0.0001	3356929.0383666665	0.9696166666666667	111.0	0.9081933333333333	149326.25766666667	0.03038333333333333	11.0	0.09180666666666666
22447	核桃油	3500445.8666333333	0.00018333333333333334	438.0	0.00035666666666666664	3417743.8715999997	0.9744066666666665	407.0	0.9290933333333333	82701.99503333333	0.025593333333333333	31.0	0.07090666666666667
22175	果酱	3329781.958166667	0.00017333333333333336	844.0	0.0006833333333333334	3029198.789666667	0.90928	801.0	0.9490799999999999	300583.1685	0.09072000000000001	43.0	0.05092
22149	英红	3293602.024399998	0.00017	497.0	0.0004033333333333333	3208243.8471666654	0.9728500000000001	468.0	0.9423499999999999	85358.17723333334	0.027149999999999997	28.0	0.05765
22173	豆瓣酱	3232785.9812999996	0.00017	780.0	0.0006333333333333333	3197473.003099999	0.98958	751.0	0.9629866666666667	35312.978200000005	0.010419999999999999	29.0	0.037013333333333336
21461	火腿	3108640.168766666	0.0001733333333333333	192.0	0.0001566666666666667	1357150.2271999998	0.5304066666666666	150.0	0.77846	1751489.9415666664	0.4695933333333333	42.0	0.22154
22430	椰子片	3107535.798866667	0.00016666666666666666	198.0	0.00016	3104059.015566666	0.9988933333333333	193.0	0.97451	3476.7833000000005	0.0011066666666666666	5.0	0.02549
22434	玉米碴	3053493.140266666	0.00016	292.0	0.00024	2895433.9300999995	0.9513066666666666	274.0	0.93741	158059.21016666666	0.04869333333333333	18.0	0.06258999999999999
23871	百合	2976377.135299999	0.00015333333333333334	385.0	0.0003133333333333334	2230073.718533332	0.76632	270.0	0.6996500000000001	746303.4167666668	0.23368000000000003	115.0	0.30035
17690	果冻/布丁粉	2954728.339633331	0.0001566666666666667	1387.0	0.0011266666666666667	2878051.7249333314	0.9740233333333334	1349.0	0.9729866666666668	76676.61470000002	0.025976666666666665	37.0	0.027013333333333334
23873	黑枸杞	2867993.627366667	0.00015666666666666666	301.0	0.00024333333333333333	2506083.869833333	0.8627133333333333	196.0	0.6506266666666667	361909.75753333326	0.13728666666666667	105.0	0.3493733333333333
17666	花生	2828513.6382000004	0.00015	768.0	0.0006233333333333333	2756102.8723333334	0.9742566666666667	671.0	0.8728433333333334	72410.76586666668	0.02574333333333333	97.0	0.12715666666666667
17653	椰子油	2819050.9795666677	0.00014333333333333334	296.0	0.00023999999999999998	2800348.0859666676	0.9926699999999999	280.0	0.9437066666666666	18702.8936	0.007330000000000001	16.0	0.056293333333333334
17665	黑豆	2798223.640233334	0.00014333333333333334	993.0	0.0008066666666666666	2497653.449166667	0.8933466666666666	918.0	0.9246133333333334	300570.1910666667	0.10665333333333334	74.0	0.07538666666666667
21377	盐	2731560.1201333343	0.00014333333333333334	404.0	0.0003266666666666667	2688503.0875666677	0.9843000000000001	350.0	0.8666433333333333	43057.03256666667	0.015700000000000002	53.0	0.13335666666666665
17772	金桔干	2677815.0274	0.00014333333333333334	401.0	0.0003266666666666667	2634904.7791666673	0.9839266666666666	364.0	0.9073866666666666	42910.248233333325	0.016073333333333332	37.0	0.09261333333333333
17910	酱卤制品	2520131.1327666673	0.00012666666666666666	159.0	0.00012666666666666666	968118.7851666665	0.5567833333333334	111.0	0.7006666666666667	1552012.3476	0.44321666666666665	47.0	0.2993333333333333
17725	腊肉	2376321.531533334	0.00012333333333333334	414.0	0.0003366666666666667	2202030.677833333	0.9009699999999999	341.0	0.82262	174290.85369999998	0.09902999999999999	73.0	0.17738
17763	苹果干	2185387.407133334	0.00011666666666666667	247.0	0.00020333333333333333	2064445.336266667	0.9453299999999999	232.0	0.9405633333333333	120942.07086666666	0.054669999999999996	14.0	0.059436666666666665
22327	麦片组合套装	2163432.2707666666	0.00010666666666666665	143.0	0.00011666666666666667	2111760.6980000003	0.9651666666666667	139.0	0.96979	51671.57276666667	0.034833333333333334	4.0	0.030209999999999997
17701	年糕	2109824.2841000003	0.00011333333333333333	906.0	0.0007366666666666667	2025626.6205333348	0.95798	802.0	0.8855466666666668	84197.66356666667	0.04202	103.0	0.11445333333333334
17764	猕猴桃干	2028110.973866667	0.00010666666666666668	350.0	0.0002866666666666666	1577781.2353	0.7751666666666667	322.0	0.9219400000000001	450329.73856666667	0.22483333333333336	27.0	0.07806
22168	小苏打	1849849.684333333	9.666666666666667e-05	441.0	0.00035666666666666675	1825786.2864333328	0.9866799999999999	402.0	0.9113433333333334	24063.3979	0.013319999999999999	39.0	0.08865666666666668
22322	杂粮面粉	1838696.2813333338	9.666666666666667e-05	565.0	0.00045999999999999996	1813221.0317333338	0.9862333333333333	536.0	0.9494233333333333	25475.2496	0.013766666666666668	28.0	0.050576666666666666
22261	挂耳咖啡	1752694.4516666664	9e-05	240.0	0.00019666666666666669	1354287.217	0.8165033333333334	195.0	0.8121833333333334	398407.23466666666	0.18349666666666664	45.0	0.18781666666666666
23877	猴头菇	1611442.519766667	7.999999999999999e-05	360.0	0.0002933333333333333	1385933.1964666666	0.8409366666666668	294.0	0.8173066666666666	225509.32329999996	0.15906333333333333	66.0	0.18269333333333335
22177	花椒油	1592509.8058666673	8.333333333333333e-05	371.0	0.0003	1506994.808000001	0.94427	354.0	0.9541633333333334	85514.99786666667	0.05573	17.0	0.045836666666666664
17663	绿豆	1564030.2939333338	8.333333333333333e-05	1109.0	0.0009000000000000001	1502114.9185000006	0.9601000000000001	1037.0	0.9354066666666666	61915.375433333335	0.0399	71.0	0.06459333333333334
17777	菠萝蜜干	1553608.928733334	8.333333333333333e-05	272.0	0.00022333333333333333	1302988.2520666667	0.8400266666666667	257.0	0.94595	250620.67666666667	0.15997333333333333	14.0	0.054049999999999994
23878	茶树菇	1496277.0233666666	7.666666666666667e-05	402.0	0.00032333333333333335	1147979.3083333338	0.7491433333333334	344.0	0.8562266666666667	348297.71503333334	0.25085666666666667	58.0	0.14377333333333334
17800	酸梅粉	1421981.160466667	7.333333333333333e-05	601.0	0.00048666666666666666	1402368.1205000004	0.98632	569.0	0.9469766666666667	19613.039966666667	0.01368	31.0	0.05302333333333334
17641	茶饮料	1419590.8713333344	7.333333333333334e-05	540.0	0.00043666666666666664	1269851.6161333339	0.90509	496.0	0.9185966666666667	149739.25519999999	0.09491	44.0	0.08140333333333333
22328	米稀米糊	1336404.8688	6.666666666666666e-05	174.0	0.00014	1308333.3047666666	0.9768266666666666	131.0	0.7536266666666668	28071.564033333332	0.023173333333333334	43.0	0.24637333333333333
20075	杂粮粉	1253578.3768666668	6.333333333333333e-05	424.0	0.0003466666666666667	1252210.7681333337	0.9988866666666666	414.0	0.97728	1367.6087333333335	0.0011133333333333334	9.0	0.02272
17778	菠萝/凤梨干	1239958.4330666668	6.333333333333333e-05	332.0	0.0002666666666666666	967077.6665333337	0.77698	321.0	0.96792	272880.76653333334	0.22302	10.0	0.03208
17643	乳酸菌饮料	1224924.2443666668	6.333333333333333e-05	384.0	0.00031	1166443.7656	0.94874	372.0	0.9687266666666666	58480.47876666667	0.05125999999999999	12.0	0.031273333333333334
23828	蜂蜜柚子茶	1182897.2241999998	6.333333333333333e-05	229.0	0.00018666666666666666	1161316.4139999999	0.9814566666666668	201.0	0.8753799999999999	21580.8102	0.018543333333333332	28.0	0.12462
17336	披萨	1080061.7984666666	5.3333333333333326e-05	188.0	0.00015333333333333334	1055034.6835999999	0.97718	167.0	0.8899466666666668	25027.114866666667	0.022819999999999997	20.0	0.11005333333333334
22323	罐头	1060512.0921666669	6e-05	199.0	0.00016333333333333334	1004778.1558333334	0.9482366666666667	168.0	0.8449966666666667	55733.93633333334	0.051763333333333335	31.0	0.15500333333333335
17774	橄榄	987213.3374333329	5.333333333333334e-05	715.0	0.00058	959319.927633333	0.9719533333333334	616.0	0.8618566666666667	27893.409799999998	0.028046666666666664	99.0	0.1381433333333333
22435	荞麦	898846.5981333336	4.666666666666667e-05	238.0	0.00019666666666666669	852726.7884000003	0.9491166666666667	198.0	0.8296033333333334	46119.809733333335	0.050883333333333336	40.0	0.17039666666666667
23832	其它蜜种	636124.1585333333	3.666666666666667e-05	306.0	0.00025	208475.8217	0.3525466666666666	125.0	0.4085233333333333	427648.3368333333	0.6474533333333333	181.0	0.5914766666666665
22178	豆豉	530211.7046666667	2.666666666666667e-05	235.0	0.00019333333333333333	524038.58053333336	0.9882833333333334	229.0	0.9727333333333333	6173.124133333334	0.011716666666666667	6.0	0.027266666666666665
17781	南瓜干	427014.3865666667	2.3333333333333336e-05	131.0	0.00010666666666666668	425683.6703333333	0.9965233333333333	124.0	0.9517933333333334	1330.7162333333333	0.0034766666666666665	6.0	0.04820666666666667